12
5
0 0
100 200
0 100
200 400
300 300
4
1 5
1 4
2 3
3 2
7
1 1
2 3
2 6
3 5
4 2
4 5
6 2
331
6221 7661
8010 9935
9071 2537
3533 7423
5576 2160
3236 9632
8952 5583
4463 5145
4978 5453
6720 7543
96 2356
4335 2209
2784 200
489 9745
1604 1838
6573 4177
5851 935
4113 1275
9824 3998
5050 5401
6158 8286
1385 1463
221 5848
2960 5200
1301 6033
2743 1398
4741 3430
9959 3877
3631 6801
3622 1587
4991 6547
2117 842
7482 6230
8469 7306
6580 3520
9059 2739
1806 444
554 2028
2644 9866
3580 3946
5899 6323
1696 640
9754 8007
4517 9737
4808 4491
7676 6151
1038 9793
6994 4872
2375 5463
8531 8956
5335 7590
8047 7142
4387 4953
5522 3383
4819 9102
3681 7071
1777 5377
4063 7883
9737 4933
7620 897
9424 5297
7049 6815
1442 395
1687 3818
2210 218
9126 7546
4161 7173
1040 4900
2126 6562
8283 3297
2016 1965
368 3793
3694 4432
1677 9783
9365 5649
7033 5141
7298 4082
1956 8741
829 3644
8911 3039
214 8037
585 727
5210 1625
1979 3688
4539 6615
6985 2907
8580 7354
3053 8626
8138 1082
4762 7503
6731 1795
2644 382
2229 953
9123 3058
949 4386
6097 1163
8775 3035
8243 3985
1012 222
4025 1904
6837 1010
4811 1769
4716 7864
6748 9206
5298 1510
6709 2030
9657 5706
2412 1886
3011 7887
4944 3960
8625 7393
5123 7400
6780 9718
7737 7793
9941 1762
9697 3130
9124 860
1252 193
5077 8000
9399 375
5862 2461
8757 5519
4519 7521
3757 7530
5408 5053
1490 385
2446 2965
7785 9227
2684 1874
3372 8977
3636 3069
2107 9113
281 3359
9306 5358
7711 5057
2086 3573
7518 843
5444 2037
8365 9201
9567 125
4254 7409
6863 3053
375 1000
8632 9411
2875 2004
8388 2863
1425 6847
1976 1706
6559 7634
3417 4270
2692 1855
4196 210
9050 5992
8600 3767
1546 4519
3893 2152
1929 7108
5205 8656
8108 3837
8067 983
2193 6455
3847 3618
3302 2175
1677 6213
9810 5094
484 8854
3301 1032
9064 2351
7024 4016
6119 8570
8536 6364
7075 6817
3472 2280
5473 1580
2470 3540
8916 4663
6347 9115
4634 6001
1290 6311
2215 7452
7757 9051
2658 1058
6435 1723
3409 3459
2091 9528
8382 627
5892 5457
3796 5716
4089 9269
3649 6559
9161 2565
7575 1860
8032 2209
4214 5674
8520 6429
3127 6277
1832 2137
3687 8267
3860 7096
8078 2304
6625 6460
9283 8869
8269 3080
4586 2359
8701 8235
5270 7863
7152 9197
6075 5184
1406 289
858 6278
3070 337
8907 4902
2475 2594
3169 2687
9691 7600
1343 2668
412 627
7889 8682
3707 8827
7393 2408
3414 9015
6623 566
8213 2699
2102 9619
9340 9313
2250 2411
6002 1157
7313 4829
104 6835
3869 6147
4435 5212
8815 4847
5839 3056
9881 5898
1884 7274
4659 1650
6290 1282
8569 855
333 671
474 9674
6336 9076
2085 2339
234 5750
3520 338
8937 7389
2837 3372
2602 1652
4572 4793
1060 4453
692 9296
8080 5351
947 722
2985 9516
1577 9671
6539 8403
5697 2876
7480 7782
1567 4066
9884 5087
756 8822
2477 3593
8546 1431
1597 3118
2576 9009
3924 3268
8306 2004
4971 5605
9078 4309
1473 655
3980 8012
5410 6029
7240 9242
163 8807
3308 47
247 416
8869 9076
4009 3768
507 1958
6886 9435
968 7162
2704 5626
5518 4027
1231 4596
4688 2704
1603 5020
7068 7014
1049 4309
6256 1212
9468 5917
1260 9715
6333 6481
5143 6695
6601 5650
8653 3488
5086 5973
7002 4142
1599 2521
4521 2830
3469 9210
1886 5073
582 8955
8439 1632
3264 1047
9196 2732
3316 6808
8800 9650
3290 3943
2697 9891
5946 7702
9731 7384
3676 6734
7878 5275
5607 2399
4458 9076
7961 6344
501 4896
5299 8940
6528 8563
6340 2076
7648 9656
8885 2800
9306 2175
6743 8355
8418 9041
6058 4502
6425 9734
7588 4303
1361 3195
3055 5819
8623 7368
2164 9125
119
7463 8065
5144 2379
757 3573
6379 414
2458 9179
6072 4633
2274 4428
9403 1316
486 257
7741 6572
7845 8397
7933 7392
7804 3753
6016 5172
2269 5141
141 6084
9558 1637
8463 316
5210 1194
730 7668
373 3154
8653 2648
7582 8057
3964 4420
8314 8057
992 2512
2806 8926
9904 610
2679 2272
2135 1300
7413 2276
7384 6972
3913 5848
3640 9124
7042 4370
6792 3768
7524 5446
2768 1459
9855 3084
5879 4521
1141 6872
7033 3948
2150 3290
910 1181
5562 3045
2481 9328
5321 9865
6300 5587
2065 6292
4711 9108
662 1503
9228 4538
3301 8348
2349 3156
1432 8229
7678 8925
1453 1063
9225 3603
4353 136
4784 9916
3181 3617
5596 4855
3482 1896
442 5548
8188 1505
1008 5202
3008 236
6092 6310
8584 8442
5818 6368
3023 3496
5293 828
4560 871
783 8913
1007 5567
5181 540
9184 777
1747 9018
9025 2189
4566 3565
3694 5574
5119 3055
2162 7564
5717 7098
2358 1535
3466 5381
5032 5112
2561 5944
5983 3344
4857 3342
5263 6391
3882 799
3520 5630
9817 8898
4171 4384
2463 4218
6310 3935
3625 4825
1499 9342
1923 3857
7229 1742
5590 2261
3206 8151
8205 9189
7847 9415
8883 3110
2158 2765
3909 2030
4747 78
928 5271
814 9744
9489 7125
3679 9466
8302 1530
8808 6577
5387 6037
8319 7329
4651 7877
1832 9208
421
9679 4975
2301 2789
7133 1419
3050 9164
6166 3128
6444 1437
3943 6188
7278 7420
6219 6744
5722 7749
1904 2299
9488 7942
6971 6817
8945 1200
5001 8153
4619 4680
3129 6920
3821 6614
8339 6871
5778 858
0 8575
2295 295
4763 5926
7715 7335
2670 9789
5084 4575
2088 925
8869 5411
4094 7814
6612 9096
2319 7583
128 5448
4503 3950
8415 9195
821 545
6405 7173
9120 5052
3820 236
978 7887
7571 1
7676 9007
928 6117
9932 9797
1528 379
3963 4492
5827 2634
2075 5955
4435 2931
9905 2850
8478 7079
3395 4883
604 2516
9935 4425
2752 7266
8664 323
7267 6341
5682 8195
2458 1967
4344 338
2346 4659
1183 8173
7293 3258
4128 1728
2541 386
4578 7371
3817 7974
2254 4421
6842 8542
5198 9594
5808 3863
6269 9427
6556 8303
7622 9014
270 8318
5704 8968
2977 6887
7141 6622
6498 7622
8351 5391
4360 9281
2763 8177
3607 1369
2598 449
9911 4149
6395 2071
4364 9016
1498 920
7320 5472
6286 7590
3790 1990
2911 3119
8878 52
9742 1728
4026 8093
7119 8386
3726 9882
6563 7334
1252 5514
7783 7515
6015 531
9587 379
9547 1085
1299 6867
2910 3937
810 6700
5927 3721
9820 1157
125 5914
2885 4152
359 5
8890 4085
9887 5454
1419 1139
7320 5555
5007 3335
6086 4594
3714 5633
2031 1365
8853 4941
5302 6015
7994 7581
6088 4166
8739 2565
80 1624
6717 439
1629 1960
4524 1517
7414 5944
9008 4734
7851 4015
4421 3937
4961 8135
5922 6993
5852 1127
8286 7506
3494 6280
5087 9582
446 3826
2148 6878
5451 5217
7317 7080
7177 1842
4949 943
4138 310
2029 8341
677 6450
8630 5639
937 4552
8984 6789
2032 3622
647 5526
6255 5735
5109 3053
5913 3609
9932 1364
5178 3601
4797 8708
5443 6098
9651 5933
2760 8033
626 3438
4483 9256
5429 1773
3809 765
8562 2193
4387 5562
7719 6994
1297 9180
48 7210
2789 6332
4927 4320
9933 6076
3028 5377
8526 9031
7662 1287
7064 8289
1077 1548
3897 6506
3321 4058
3623 8235
6251 4362
149 3971
1357 1446
3151 7757
5009 2293
4089 6288
6613 4022
8716 5993
5751 7242
5024 9766
4881 2089
4407 5958
9989 8304
8816 9662
2363 8791
4249 8614
3154 4399
2585 863
2197 2089
8620 3558
734 2709
9846 3699
6731 4914
9692 2483
2157 1068
2249 3390
3157 6656
5701 9498
4960 4517
9160 3675
3309 9762
2290 2815
4161 1227
3678 6358
3316 8650
6269 402
1359 6115
4101 4442
7382 145
3277 9539
1214 5526
9281 4371
8534 4982
222 9847
9500 9382
3522 9161
5496 2164
8328 9657
3392 8358
2368 3060
7008 8637
3463 8367
1104 3916
2809 8486
4062 6087
4377 5276
7965 3659
5999 2852
4993 6221
9051 845
1956 2573
6 7452
1090 4686
3462 4482
3044 5830
3894 52
819 7357
4771 8275
7626 7581
3114 1688
20 7491
6964 4337
7502 9315
3541 2496
5537 2592
3341 7493
5166 9700
4945 2608
738 8407
7090 3783
589 984
3835 1408
4694 8607
6036 8672
2540 9150
360 8912
2993 3676
9601 496
2991 3143
9344 8528
5735 9037
2373 7253
8737 7319
9861 5828
5726 3303
9611 2668
640 9798
428 1686
4757 6464
358 3649
5614 7070
2561 8608
746 8515
5456 89
1658 4800
4970 3745
3837 7343
7351 8927
4662 7212
4755 6741
6868 718
9409 7508
516 6189
9194 5274
2654 5904
5275 4620
2974 4189
3228 72
2704 5036
161 714
9836 1483
4459 26
8827 1810
5305 9841
5375 60
6582 2243
778 2343
6103 7646
8533 5297
9272 7539
7553 4548
2159 527
8737 1740
599 7793
6776 7112
8507 6613
8596 9318
2991 7423
7481 8296
3616 9208
4708 199
7803 1838
8894 3906
9484 3779
9203 5109
1318 3108
9657 3478
3635 4746
5218 586
8891 1994
4050 7398
4959 2646
3068 4302
6421 6901
2598 38
6109 7306
6589 3912
5496 5483
4170 4981
5615 9725
6442 6933
2833 2451
411 6468
7197 1981
3406 2440
328 7457
9838 5287
103 9258
5942 2877
2512 8540
9267 8621
2199 5856
8886 7695
7691 3056
9028 3306
2782 5470
240 5615
7921 7003
8436 1470
5337 1842
3910 5665
9299 100
952 5755
5711 3246
8632 8223
1787 7899
3196 338
107 8434
4385 7798
7843 3414
7457 6977
5236 7697
2592 9510
1052 7380
7332 6389
9223 7595
2054 4874
4047 9359
629 9758
2605 5613
4333 744
9864 7530
1082 9971
2316 1820
4122 159
5234 1579
7136 6822
5628 6081
2684 6680
3461 6369
9422 9036
3964 7828
263 8011
7187 7244
4122 6145
2858 4807
3241 9074
2337 676
9046 1006
2496 3168
1165 4082
4747 4654
904 6727
735 9941
9759 548
6310 9181
5937 274
7010 6200
4637 549
3444 5111
3046 2654
9919 6288
1729 8608
6964 7127
9614 9460
295 7132
9894 1394
1786 798
8121 8873
7091 4232
9421 3401
417
5358 27
6776 7910
1017 3677
7707 6128
6724 361
2399 9364
8442 1008
2680 5569
6974 8492
2216 4106
8386 3610
2244 5536
8083 1117
2628 2316
6891 2381
2082 8601
2409 8858
2864 3426
2535 571
5906 5611
932 8306
1327 5727
5666 4007
1296 2640
2499 3513
3099 885
3475 5343
6422 7911
2813 5402
6579 6056
7783 8661
4657 6544
3871 7521
6322 2758
4444 2229
8370 1729
6887 9697
7456 8905
3705 8752
1545 2556
8617 996
9794 2093
2692 6216
6356 1857
7970 2935
7913 5753
1596 8922
2298 5467
2796 8620
4577 7240
7201 2947
8969 440
8997 6425
9345 9054
1530 7243
1610 147
8239 7756
8592 7283
324 4948
9140 8294
4235 7053
4048 5831
5976 2698
7650 5124
7670 2228
2364 4872
1527 1334
1664 6876
4111 1010
5930 5641
8253 3893
2141 2844
1649 7085
128 1974
2034 5620
268 6269
2674 668
8453 5002
9718 2455
126 3741
4683 8842
4965 2563
176 6629
9439 4288
7639 5370
6281 2244
5615 8422
1441 3616
5508 1569
5590 3894
7189 2211
6515 6215
9231 4968
7569 5302
7424 4047
9043 8459
2890 4008
1022 3066
637 462
3706 4629
2184 9988
3225 7799
4762 4666
1415 270
2587 3358
516 6129
1921 7032
2344 1152
8352 6266
2806 5776
313 1849
588 3203
2209 1610
2622 2847
8424 2680
3828 608
9020 7053
4759 3783
8072 2527
405 659
5885 7274
6788 7806
4306 5485
5310 2658
1751 8117
4787 8416
6318 5375
7972 8528
3337 6946
7727 1762
5978 7907
8722 4999
4960 3482
5134 9384
6009 5539
44 8246
2813 3184
6052 3471
8669 7714
6130 6772
2183 7269
1541 4854
8996 5865
3382 2333
2811 7461
4095 8789
5368 9170
3788 6680
2652 5274
6065 5013
7166 2461
3259 9979
5645 5663
9803 667
3377 2285
3791 1913
9554 5332
6767 8550
1197 6501
7235 360
3962 1331
5502 5682
501 5642
2362 9505
917 4779
4518 8083
7240 7777
4414 2886
3440 4217
3553 3169
6502 7344
5082 2408
9029 8201
7310 6578
4702 4546
3291 8664
2229 8793
698 9082
4435 3061
8587 5352
7840 9457
3435 5081
3586 7850
4319 7026
8419 7872
6547 1274
1568 7982
3682 6949
6183 993
9880 7238
1891 3171
2254 4120
1964 2953
3202 2751
6014 8141
8104 206
7598 7891
1639 1184
2093 5958
4562 513
182 1109
8139 8103
5443 1821
5052 7979
9166 1284
5217 1057
4455 7471
1529 2771
6776 4731
5523 9142
2872 9979
9349 470
7870 988
8006 9964
3299 2568
6829 3481
30 4968
1584 5473
3141 2989
9804 8660
625 5021
6069 5081
8845 7599
4204 5621
2330 9727
4764 1555
9706 465
2025 3929
7805 6384
245 1104
8952 7074
938 8982
8394 8874
808 7887
8215 6964
6547 8841
8338 8969
3922 7183
6568 4478
9156 5250
4206 272
6805 264
7089 5183
4193 4895
1567 4438
2351 519
7864 3289
5854 2610
8516 3014
498 6731
9978 3397
5572 8316
2366 5846
1851 5286
6677 7360
537 883
7632 7342
7499 4722
2525 1693
5969 4092
2483 4672
964 6700
7962 6818
9310 2830
6184 6160
5913 2514
9558 1486
831 8276
3684 9034
3563 361
6394 4100
7596 379
1442 5096
1453 320
3141 3774
4412 1976
8446 1728
8676 2760
8546 7987
5590 1082
4147 1504
3597 57
9342 780
8334 9378
9814 1897
9740 2561
5997 3688
2940 3791
5136 745
4111 8277
4519 4876
6606 2965
6604 5282
5726 1503
9621 1316
2585 3769
9172 6182
3826 8514
3314 8512
7893 3129
409 3985
2042 2758
7673 4982
2902 2810
2079 7013
7439 6598
8241 4045
9563 4846
5680 5289
6349 5301
2958 5286
9070 2130
7821 9249
645 1135
4113 4890
616 4523
8875 2658
3633 6548
3992 2887
5710 6071
9901 9502
2669 4494
9899 8585
9340 5579
3874 2041
881 6832
3680 6303
5315 1501
1904 5960
8988 6018
850 9605
6893 6077
2263 6878
8977 2608
9766 1040
8679 6019
542 7701
513 6793
6286 6206
2373 160
4599 9606
3345 8279
2261 5012
9780 4166
972 8769
6536 8174
4726 3429
603 3341
6659 9580
5949 6425
620 4629
2444 7514
8682 9310
4308 4968
5516 6681
1480 6467
2639 1177
4747 4900
6189 4527
9066 3513
9648 5602
8039 4374
5383 8642
7716 2043
8223 3665
4820 5195
4646 3617
2710 9680
2927 7018
4648 4795
51 2481
1262 2690
3658 6009
7590 6200
6889 6657
9713 2889
8611 4105
7264 347
2747 1332
2390 7322
1349 3562
2518 2348
7179 1580
2028 106
8598 3029
1253 8649
5510 8868
7691 9168
1229 5281
1720 4470
8290 1434
7360 6902
5539 976
3601 4638
2308 2343
1961 9
5905 831
2357 3085
8763 4386
9543 7361
7415 797
2362 9277
6017 53
4797 7246
1686 6518
1717 9977
7952 5429
3231 9843
6405 6832
4481 5065
9175 2794
5074 5080
9977 7432
8165 8740
8170 4061
2453 5585
1210 1167
365
7227 1220
9659 825
9259 2529
8894 9236
481 4323
2467 6676
728 9299
7510 5793
8474 6656
7220 9906
6634 4652
4424 1726
2822 8485
4180 4759
9695 5347
5973 3274
2920 1984
4099 2179
4514 2994
1415 1347
3669 234
8024 4398
9533 1886
6543 4359
8542 3763
617 1528
4767 5041
3255 7589
9878 7435
8700 5925
9134 4673
5551 8406
3010 9651
585 7524
8997 8352
8871 2666
4938 3247
3416 823
5133 6312
5182 28
75 2152
1556 1195
3545 4811
5136 3424
8598 3837
9349 4085
4862 4901
2491 7872
904 9429
5396 6253
4133 620
5271 9072
3867 5040
9895 5353
1352 1430
5381 7779
3582 3289
8974 7127
8101 4111
6903 3051
4300 2605
7136 9162
3858 5980
7035 4762
5409 2431
7367 9542
9403 8990
8614 3271
4030 4862
4976 5382
6292 6709
3162 9874
9998 8488
3353 4451
8951 257
3855 3251
2862 991
2414 6720
3323 9449
7834 8732
8232 1553
4627 7636
543 9593
7259 4574
4455 8587
6308 747
5296 5822
6973 5294
4311 6679
6098 3262
6936 9953
2866 6150
7296 5280
9222 620
1081 7056
5704 5665
4961 331
3301 5504
6277 6912
78 732
5499 2739
7832 795
8561 1157
2442 9224
7836 4892
8839 4772
4845 1705
7274 2141
6985 6496
2761 4418
9904 4818
83 4865
1501 3385
370 7778
6649 6800
8511 2149
9539 2695
9296 4453
3852 8090
3677 1689
2982 2516
2813 7827
4221 88
6321 7558
2936 5434
1976 2841
252 2060
7706 1754
1797 4428
9532 4798
7581 4395
6947 3472
3442 2596
7925 7295
7038 1603
5336 6373
471 8149
552 4693
4589 6873
8603 7526
2308 580
6719 8912
8992 777
7018 789
5206 2903
5587 2787
7298 8887
6259 7093
7835 537
740 4873
2140 6076
1246 8963
577 1799
8 1519
5024 8612
5397 3684
9192 2116
2597 8184
2893 5967
5325 4451
8870 7264
7238 2521
2503 9850
9614 338
387 354
1564 8879
2782 9162
7842 3359
7313 7851
4878 2338
6463 275
2374 2007
8743 4971
6543 1637
7291 1868
6088 6161
5484 9679
8682 7988
5881 4648
8326 6268
5002 6242
1499 7784
5405 9341
7496 2718
3544 2374
1408 6359
9002 3783
4718 7745
5106 1261
5734 2397
9481 8175
8559 4966
4206 3593
9306 87
8242 3984
6355 3244
227 4206
7381 5632
9899 4877
4702 3444
3603 2463
6155 2605
6246 874
6703 7704
8487 8789
102 4321
3316 5013
5639 7522
8606 4945
3961 3200
8929 6668
6445 5508
874 178
7492 774
5055 2195
570 5010
1010 6725
3968 3608
3951 7023
1312 8791
5812 7766
3112 5481
2779 5103
9355 7738
48 3317
938 5329
9985 3735
838 860
265 8330
1634 1672
6877 8556
6683 7887
1633 651
1495 5585
7674 9160
728 9838
6926 192
5319 6058
5295 4675
148 1695
7992 1086
7024 4329
1174 4214
5189 1439
8897 3175
3112 5774
8083 9795
14 9717
6798 7861
1654 4472
7021 2382
4310 300
2574 5982
6358 4221
657 6506
5916 5001
3944 9292
9330 5118
3507 872
2910 2404
399 6022
8178 8483
2169 4544
8200 8967
2406 9854
9791 5779
8588 4101
6079 7514
6435 8789
1735 7092
1647 7651
8445 5592
6943 4128
7062 450
1352 6324
9206 1751
2346 3737
6586 867
8281 1138
9834 7039
7344 5977
2819 5932
79 5250
3446 6514
392 5181
9959 2039
9184 4756
3983 6128
8884 7398
2930 236
3722 8489
8340 2421
2226 1278
3288 6859
2417 9475
3899 9761
5452 3070
5694 1883
4672 5492
4750 5064
674 1061
3456 6210
5817 3791
8690 1054
1189 1621
7642 1264
110 2334
3685 8688
3613 3325
5547 6030
9152 9446
2143 957
8868 4189
9192 3541
9682 294
4957 6708
7707 8413
2918 3525
8557 1609
931 9746
9582 4925
7362 6044
7260 7399
4732 873
7077 279
3255 6229
6078 5398
3538 4946
5940 9083
4839 5622
9377 9797
8682 7085
4562 1600
6962 3119
9561 4245
2866 5495
9170 6580
1539 6430
3980 2623
3655 1057
9255 6910
3638 5333
8661 7177
6631 953
2612 1471
6575 8341
7620 5257
5426 2182
3209 8740
5302 9123
9337 4520
4618 8508
1100 2510
1290 1432
1485 1298
2489 740
8208 2480
2425 3221
6009 5409
4174 8621
6880 7101
6962 852
8710 8741
3034 8272
3833 4688
250
3171 9208
4717 8031
6661 7227
5673 8093
8713 6971
6935 5805
1532 9415
8231 4753
5424 3640
5280 397
6872 8733
7359 7724
7444 2452
7110 2068
6286 1799
5815 5809
7359 532
3840 372
4112 9513
8466 2825
6485 1753
4982 8017
7520 3213
9122 9296
3205 754
9693 77
9488 3404
4153 3284
5857 1264
5352 2143
9415 7519
7952 3126
8051 8144
3499 2163
7657 8317
1340 494
70 6323
4863 7590
5888 338
3238 9094
1092 2931
5523 6932
6335 9677
6568 2192
7293 8272
687 3060
5791 8639
6186 195
3135 9685
8710 793
8002 51
7639 8072
2726 8855
2014 4966
9193 5252
4060 285
4535 5936
3570 871
5613 138
9415 9258
8411 103
2318 4202
5094 8504
749 8230
8190 9460
5375 6192
5863 3014
617 8589
1869 8983
9907 7414
588 3968
7700 5123
6256 7622
2346 1869
7760 1762
7479 2523
1865 9797
3078 3311
4653 3827
1541 2843
3287 6916
5388 5502
6283 2357
4091 4504
7692 351
1919 8280
671 5971
3404 6927
9945 5750
8796 7705
7512 6275
229 5729
2424 9659
9041 7077
3486 6934
6273 3126
203 8013
8628 2838
370 9072
3694 8062
9423 5613
2695 94
7936 6099
7021 7881
8201 2169
1939 2066
4796 8520
7795 7220
8179 3188
649 1665
6475 6922
1143 6678
4935 9772
9516 1657
8844 3210
6072 8267
5176 8767
4713 9464
1218 1734
3698 9419
255 5637
1485 5051
509 5633
8623 8688
5173 9272
6705 1648
2547 7849
4678 3834
7621 546
5492 2817
109 1564
7436 1637
6683 2149
1101 7901
235 1151
7320 490
6788 5158
1893 3649
7143 516
2337 2316
6140 5395
317 8687
3244 1347
2522 7217
1894 4366
6386 8355
2282 3822
9992 8965
2323 7445
6866 8910
8597 538
9400 1737
2048 7645
5387 9191
8161 4076
7860 653
9471 8177
9341 9067
9524 1863
6284 7770
6229 9022
6125 4863
2844 6117
3828 1519
9915 7046
429 8512
3936 6181
6601 5985
3826 8340
1528 8339
2417 9388
8993 8240
7565 8334
7308 7090
6549 9944
4860 9130
8967 7338
3993 8163
3455 4173
9683 3370
7571 112
8234 1507
2646 4836
3844 6472
9528 5373
1164 1945
4761 157
186 2327
4843 3846
5769 7744
3790 6981
3226 9109
4319 3571
7273 4127
4096 6956
3849 1667
3420 2084
3174 2418
3272 7019
5243 2800
2392 6407
1098 7153
2916 7636
5832 4111
1482 7953
8207 1624
4935 7785
734 5606
1356 8007
9733 5452
1315 3583
3471 1087
2019 6645
3506 1643
16 8749
4443 8760
1508 1893
2266 776
9529 8098
4887 7363
6052 9446
8988 7339
7231 9722
2945 4939
4081 9031
391 5396
8966 214
6483 7337
6859 6341
8980 3228
1442 9775
1988 2950
1669 4254
78 7550
8705 4965
4914 4757
4411 3902
8448 7994
9976 7745
2933 4057
6776 9676
9453 2094
9890 2288
9431 3102
4982 8411
6330 6424
8187 4670
5727 6208
8925 2157
110 7630
126
5024 8739
7886 5278
3539 2233
5254 1284
5166 5663
4413 4843
1468 6507
1085 3757
5939 4187
5091 702
6869 7867
5241 1540
9946 1449
6817 2104
1560 799
5579 2936
9538 9817
4567 3077
2050 9821
713 7217
1837 5126
8412 3305
1634 9497
3414 3925
3685 8505
4627 554
6373 9869
8446 6319
7670 5263
4775 9230
6062 354
8519 1952
172 3086
1381 2222
9259 2095
5791 1096
7221 4203
4402 5207
3701 7816
9132 3738
6322 3760
644 9047
3629 9091
1718 1299
4354 6494
6882 417
6848 5401
8721 3372
8487 103
5595 4098
2198 1386
5195 5771
5590 9597
979 5643
3765 111
9381 6439
3871 25
5486 3852
9116 7205
5152 9823
51 8386
6592 6899
3787 5313
272 8626
5416 2219
2724 3966
3605 4271
9738 5547
3868 717
1190 3986
7180 571
425 1052
6949 5912
4904 2417
9469 6408
2240 9520
4794 8832
6419 4933
498 3043
9911 5914
5262 2636
9881 5220
3259 9619
767 3480
6688 8310
7466 3868
5233 7891
1272 2182
155 2529
952 9624
5289 3192
9144 84
8377 1916
1369 8875
1311 1281
1141 2926
269 1022
8146 3528
6993 5265
7008 33
9927 4474
3902 5161
8718 1526
3695 8873
4055 4647
4850 9345
4192 3994
5781 8921
2262 7150
7796 3574
4783 5289
6500 5052
2664 998
4933 9657
2615 8293
6043 2543
2768 6297
7704 7838
7823 7751
3063 8231
8751 7913
7576 9295
1908 9709
8216 522
6859 2364
4096 7995
156
6948 3047
317 7946
4332 6327
562 2626
2370 3105
1746 5019
7161 9584
2842 1264
2647 1073
15 561
5001 9310
8821 4710
7526 9343
7922 9890
9792 5917
3896 6740
5316 565
1039 6001
6892 1601
8627 5614
1058 373
633 4571
6309 9828
5835 5308
7253 5851
2221 8607
1513 7394
3317 9040
6738 7591
5282 2882
9860 5530
9622 1529
6096 661
7530 2988
8614 6157
4955 6024
2882 1940
6947 5543
1768 2783
851 9022
4986 3073
7629 6499
467 7298
1891 3557
1242 3526
6439 1102
5408 2414
8983 1504
9427 6513
845 8042
9022 5800
418 1904
4092 7366
7447 5861
6501 4651
1235 1487
4076 5216
4338 895
8866 6230
4453 108
6108 7244
7563 1516
9658 6546
9373 9086
3060 218
3480 8434
2370 250
6691 6462
7616 490
8675 4117
5141 9910
1956 9217
5126 6295
6465 345
8877 7270
453 1337
4514 4368
9205 525
915 8578
9611 327
8796 9443
5113 7518
9693 1804
3981 3662
2295 2656
4131 7436
8919 2440
3006 397
8735 9471
742 3964
6741 7548
5301 7607
1916 4506
8132 9183
9437 4095
5862 8233
9890 976
5752 5936
2780 6085
9598 1427
5093 81
8864 4012
2521 8222
4410 7608
4045 5152
1572 7138
9052 3225
4745 969
4084 9230
6504 3521
9677 2367
8106 9568
9695 210
5504 8827
6295 1454
255 1389
1535 9119
1753 4057
3693 6163
1665 4090
7668 9590
1228 6720
9167 2325
4041 3251
7907 6898
6772 7585
9265 1231
7153 5312
1441 2657
4139 4089
463 4394
5478 1998
9865 3583
2407 3558
6099 425
4000 3767
15 5228
6839 9182
3906 7233
8786 1813
4131 1910
9398 9748
3141 2903
5060 4583
1912 5551
8672 2375
9946 502
4374 9811
4085 3133
9722 184
3558 3722
303 9925
5303 3495
5460 9209
728 4246
7374 1211
159
3125 7311
9298 6028
8723 233
7941 4274
8905 6668
572 9407
7394 6736
9844 528
2810 6381
4086 2884
3036 364
8187 6531
5824 3748
3611 70
1123 1174
2578 4248
8485 1876
6628 7208
2109 921
7835 7366
7590 8407
3125 1336
1495 2970
1864 4305
5703 2303
7190 8739
2667 5377
5271 8491
5478 8882
4913 6601
6409 7491
7201 4894
5720 181
8455 4181
1103 6290
7900 5045
1049 1025
6381 2545
3995 4598
6850 6050
6901 4040
4790 9568
5770 61
4411 1248
5295 5676
4201 1704
9519 7754
2951 1591
7935 1406
5773 5390
4048 25
6787 5097
1050 3169
3994 1398
7767 845
7448 1020
1237 2238
6940 3359
2299 1351
4607 3947
7027 5160
5651 2898
2914 4954
4490 7202
6360 263
2592 408
288 5732
1858 7690
8901 5852
9088 3020
3049 6537
392 639
5127 7332
3998 3779
8683 4958
7726 2062
118 9729
4960 9385
4684 9450
6587 1044
6065 5531
7805 2705
1263 9663
6748 6516
1867 5836
5888 4917
8725 6280
1908 205
3612 5906
3984 8647
7216 1710
7061 7335
7791 8374
3072 2475
4176 6011
9872 242
1542 4029
9299 9158
44 6047
2026 1911
8236 4267
3180 3313
6899 1440
3518 6864
7347 7502
5511 4563
5564 8925
8250 3356
7299 1322
2183 1475
7333 8407
8069 5228
8788 3721
738 8832
9768 9116
7096 4356
3383 6628
7670 283
8069 1188
7147 1768
5043 9010
6331 607
7935 934
315 1586
2256 8851
3062 5942
7258 7483
7522 6047
1204 8260
1231 7325
3728 8327
1681 7112
4956 5703
3747 9377
6892 894
1145 8287
6256 3828
5246 544
4762 5562
2130 3371
4413 1544
9313 8023
9028 3187
422 6584
7799 1654
3909 1527
9981 5591
8639 1289
1294 2386
7018 4538
9632 8163
2825 2241
1992 4424
2785 6754
9986 1267
125 751
9164 5790
8774 4544
5329 9197
