0
1
1
3
3
3
4
4
4
7
7
7
8
8
8
9
9
9
11
11
11
12
12
12
13
13
13
17
17
17
18
18
18
19
19
19
21
21
21
22
22
22
23
23
23
25
25
25
26
26
26
27
27
27
30
30
30
31
31
31
32
32
32
34
34
34
35
35
35
36
36
36
38
38
38
39
39
39
40
40
40
45
45
45
46
46
46
47
47
47
49
49
49
50
50
50
51
51
51
53
53
53
54
54
54
55
55
55
58
58
58
59
59
59
60
60
60
62
62
62
63
63
63
64
64
64
66
66
66
67
67
67
68
68
68
71
71
71
72
72
72
73
73
73
75
75
75
76
76
76
77
77
77
79
79
79
80
80
80
81
81
81
85
85
85
86
86
86
87
87
87
89
89
89
90
90
90
91
91
91
93
93
93
94
94
94
95
95
95
98
98
98
99
99
99
100
100
100
102
102
102
103
103
103
104
104
104
106
106
106
107
107
107
108
108
108
111
111
111
112
112
112
113
113
113
115
115
115
116
116
116
117
117
117
119
119
119
120
120
120
121
121
121
127
127
127
128
128
128
129
129
129
131
131
131
132
132
132
133
133
133
135
135
135
136
136
136
137
137
137
140
140
140
141
141
141
142
142
142
144
144
144
145
145
145
146
146
146
148
148
148
149
149
149
150
150
150
153
153
153
154
154
154
155
155
155
157
157
157
158
158
158
159
159
159
161
161
161
162
162
162
163
163
163
167
167
167
168
168
168
169
169
169
171
171
171
172
172
172
173
173
173
175
175
175
176
176
176
177
177
177
180
180
180
181
181
181
182
182
182
184
184
184
185
185
185
186
186
186
188
188
188
189
189
189
190
190
190
193
193
193
194
194
194
195
195
195
197
197
197
198
198
198
199
199
199
201
201
201
202
202
202
203
203
203
207
207
207
208
208
208
209
209
209
211
211
211
212
212
212
213
213
213
215
215
215
216
216
216
217
217
217
220
220
220
221
221
221
222
222
222
224
224
224
225
225
225
226
226
226
228
228
228
229
229
229
230
230
230
233
233
233
234
234
234
235
235
235
237
237
237
238
238
238
239
239
239
241
241
241
242
242
242
243
243
243
248
248
248
249
249
249
250
250
250
252
252
252
253
253
253
254
254
254
256
256
256
257
257
257
258
258
258
261
261
261
262
262
262
263
263
263
265
265
265
266
266
266
267
267
267
269
269
269
270
270
270
271
271
271
274
274
274
275
275
275
276
276
276
278
278
278
279
279
279
280
280
280
282
282
282
283
283
283
284
284
284
288
288
288
289
289
289
290
290
290
292
292
292
293
293
293
294
294
294
296
296
296
297
297
297
298
298
298
301
301
301
302
302
302
303
303
303
305
305
305
306
306
306
307
307
307
309
309
309
310
310
310
311
311
311
314
314
314
315
315
315
316
316
316
318
318
318
319
319
319
320
320
320
322
322
322
323
323
323
324
324
324
328
328
328
329
329
329
330
330
330
332
332
332
333
333
333
334
334
334
336
336
336
337
337
337
338
338
338
341
341
341
342
342
342
343
343
343
345
345
345
346
346
346
347
347
347
349
349
349
350
350
350
351
351
351
354
354
354
355
355
355
356
356
356
358
358
358
359
359
359
360
360
360
362
362
362
363
363
363
364
364
364
371
371
371
372
372
372
373
373
373
375
375
375
376
376
376
377
377
377
379
379
379
380
380
380
381
381
381
384
384
384
385
385
385
386
386
386
388
388
388
389
389
389
390
390
390
392
392
392
393
393
393
394
394
394
397
397
397
398
398
398
399
399
399
401
401
401
402
402
402
403
403
403
405
405
405
406
406
406
407
407
407
411
411
411
412
412
412
413
413
413
415
415
415
416
416
416
417
417
417
419
419
419
420
420
420
421
421
421
424
424
424
425
425
425
426
426
426
428
428
428
429
429
429
430
430
430
432
432
432
433
433
433
434
434
434
437
437
437
438
438
438
439
439
439
441
441
441
442
442
442
443
443
443
445
445
445
446
446
446
447
447
447
451
451
451
452
452
452
453
453
453
455
455
455
456
456
456
457
457
457
459
459
459
460
460
460
461
461
461
464
464
464
465
465
465
466
466
466
468
468
468
469
469
469
470
470
470
472
472
472
473
473
473
474
474
474
477
477
477
478
478
478
479
479
479
481
481
481
482
482
482
483
483
483
485
485
485
486
486
486
487
487
487
492
492
492
493
493
493
494
494
494
496
496
496
497
497
497
498
498
498
500
500
500
501
501
501
502
502
502
505
