1
1
1
2
1
2
2
2
1
3
2
2
2
2
4
1
2
3
2
2
4
2
2
2
3
29
45
4
4
8
16
64
24
4
4
8
4
2
16
8
4
4
4
4
24
16
16
16
32
8
4
8
12
4
8
12
4
32
6
72
2
8
16
8
8
16
8
12
4
32
4
8
4
8
32
2
16
4
8
4
4
2
4
4
6
4
4
4
2
8
2
12
12
16
16
8
4
8
8
8
4
12
12
4
16
48
12
2
6
8
8
16
4
4
32
8
32
4
8
4
8
4
8
6
16
2
8
4
4
2
8
12
8
2
54
128
16
24
4
32
16
4
8
36
2
96
4
12
6
16
2
12
4
4
2
2
8
64
8
8
8
4
4
16
8
2
2
8
64
8
8
8
4
4
4
32
24
8
6
64
8
4
8
16
8
8
4
16
12
24
12
8
4
8
2
4
8
4
4
4
32
16
24
24
4
24
2
8
8
24
8
64
8
2
16
4
16
8
8
8
10
8
4
8
2
2
6
4
4
4
2
6
64
64
4
8
32
8
16
16
4
16
12
16
4
16
4
12
32
16
4
4
16
8
4
8
4
4
32
6
2
4
8
16
24
16
8
16
12
16
32
8
2
4
8
16
8
8
