0
1
2
3
4
5
6
7
8
9
11
12
13
14
15
16
17
18
19
20
21
22
23
24
25
22876792454961
900000000000000
900000000000001
1706661949
1055766891
562723336
309470385
2144918454
1403199095
1281270849
962400455
363454151
1608974551
1182241038
319291656
2019689495
909230152
1987112902
821311238
455435200
2132012462
703727373
66019968
1491030905
731107934
1548493204
1100150859
506269935
1100051816
756323088
352131949
2069968453
1666214820
2012423924
1629146754
574498063
427663612
1938617139
571932869
1830862707
1072404340
1534333324
46833210
533895244
569090715
366124867
406101091
1478320867
205754121
1227412329
1933756067
190282935
1931139703
1999776035
1681313840
514763989
1400785591
633981052
1021033924
353353759
1390304140
1373165873
275838565
909035312
1238106149
1904985319
1483533376
1665769761
1696118811
2055466245
1349148820
621039503
1442315922
1395982031
1154934747
2011406637
1762106898
1561035839
1342243856
1967861019
640964520
1128516275
10660306
424620575
980808663
1691974147
939384564
234110606
178471551
1960418488
587464366
1568775691
1186100714
863302931
330327355
276723215
620804602
1813860731
1942492977
169439765
1721843329
1144158149
790479269
1016675603
392656532
1945414016
880598592
7279782
1358966207
75358800
1975140801
1999930728
1203875075
1985801108
277067655
37200090
1530291607
1216452220
271310697
1708763158
1029387060
858775063
1130055201
68004126
1722077994
1460382556
344727342
195398948
1126759640
139736671
364838714
701119321
1283894820
1155317983
1717794924
1676551353
953248351
450909868
1683831135
164730911
526268668
1511488289
17177991
1730143743
1349805749
294245646
1767343834
732613708
1510697866
2038654531
293893218
392601279
749945946
1423948419
460605405
324540292
736847327
805332747
519939240
1863606967
945069418
884777954
417242640
81480591
2040095937
2135037564
1758031944
845860641
438463784
1294379431
1010591552
964732452
658384072
1027769543
547392548
2008189821
1322015189
167252734
593319881
685229408
58423617
887213099
1077830687
808369563
163677870
1538436092
1132909855
900525198
196285192
1652849095
616648517
1141354610
390143402
1033891158
1222835201
282755691
1021445074
833383497
1128616332
1459908859
2127762929
2139207884
277157663
638663353
1019493779
824550211
499369527
194025321
991802945
1092689408
879254729
1050226562
1979902508
1957085416
1858596125
2143580378
1348037860
844022332
896621928
1544323052
349387780
1513270446
538194015
739531182
399677956
1761029216
1022286873
1421123030
446929066
3419558
733548241
427208347
2142627442
1010705905
1065871700
1014637574
1835256116
1565241227
1208662895
679575414
510446988
2087917624
1729801976
342865848
1897519392
1440914454
338962578
1098073604
137453138
1235584507
494913009
486840918
601371305

