2 2
3 4
1 2
3 3
9 2 4
5 8 7
6 1 3
5 4
13 15 14 16
5 7 6 8
9 11 10 12
1 3 2 4
17 19 18 20
4 4
14 13 16 15
10 9 12 11
6 5 8 7
2 1 4 3
4 4
1 2 3 4
5 6 7 8
9 10 11 12
13 14 15 16
4 4
2 4 1 3
14 16 13 15
6 8 5 11
10 12 9 7
4 4
2 9 6 16
4 10 8 15
3 12 5 13
1 11 7 14
18 18
218 127 196 213 118 80 29 102 274 37 71 17 179 154 270 297 243 320
224 129 191 215 122 84 20 98 281 42 58 5 177 150 261 291 248 307
225 136 198 206 110 89 31 107 280 38 68 15 164 148 260 298 235 322
221 137 194 208 123 82 32 95 279 48 66 7 168 157 263 306 244 309
222 138 183 202 113 81 28 93 276 47 60 2 172 158 256 290 252 313
232 142 181 216 117 77 23 105 288 39 57 1 174 147 255 303 239 319
229 135 193 212 124 85 24 104 284 43 64 4 170 146 269 289 249 318
217 130 187 207 120 88 30 99 286 52 70 18 167 160 257 299 240 324
226 134 197 204 115 87 21 91 271 53 65 10 171 149 262 294 245 308
223 143 190 210 121 76 25 103 282 41 69 14 163 153 268 295 236 311
220 133 186 199 125 73 35 106 285 40 56 8 165 155 259 300 250 314
228 144 192 209 116 90 26 101 278 50 55 12 166 151 265 302 238 321
233 128 185 211 119 79 34 94 287 49 67 9 176 145 253 304 237 316
231 131 189 205 114 83 27 96 275 46 62 11 173 162 264 292 242 317
230 140 184 201 112 78 19 108 273 51 72 13 169 156 266 293 247 310
227 139 195 200 109 75 22 92 272 44 59 16 180 152 258 305 246 312
219 132 182 203 126 74 33 100 283 45 61 3 178 161 267 301 241 323
234 141 188 214 111 86 36 97 277 54 63 6 175 159 254 296 251 315
23 18
59 97 123 361 101 51 52 175 341 171 143 205 375 411 5 380 119 289
406 218 24 150 19 17 181 318 345 22 103 145 347 12 21 232 373 28
23 33 160 63 8 125 310 55 190 155 223 168 378 196 183 402 265 217
115 173 134 91 404 44 247 204 317 83 328 254 294 286 225 198 237 353
89 311 11 263 323 84 73 14 299 248 191 291 146 209 259 156 193 314
215 32 202 403 384 166 333 324 43 194 365 158 213 287 362 76 129 114
187 240 220 390 276 4 322 95 295 401 41 45 58 30 92 210 296 379
124 216 128 226 157 304 93 283 342 99 408 169 132 49 188 153 243 298
262 280 94 65 269 394 305 6 409 195 37 90 288 27 389 270 127 334
207 272 48 214 388 367 357 141 356 368 271 344 36 360 393 108 370 354
38 152 307 229 316 72 413 374 79 412 253 203 348 302 151 57 182 47
74 60 3 392 70 326 26 331 107 241 398 116 85 133 185 252 144 405
34 306 167 258 371 366 140 86 395 15 312 383 301 293 300 264 224 82
174 186 75 161 329 162 110 352 68 29 87 1 244 61 228 35 137 391
260 343 98 189 275 25 163 10 400 88 131 170 251 106 346 67 321 69
273 369 111 313 290 339 221 335 257 142 66 164 31 303 100 284 46 200
197 9 355 16 222 363 177 414 126 165 246 117 138 376 105 64 308 172
327 219 377 227 242 104 330 206 249 154 256 332 212 201 364 53 199 319
77 236 261 325 245 113 147 139 184 386 320 159 122 278 211 239 268 274
350 102 96 351 292 397 118 54 358 340 385 135 382 396 7 233 309 230
192 399 234 178 407 279 267 337 250 13 56 71 121 336 176 50 282 20
387 338 372 180 39 130 40 62 78 2 231 359 315 112 120 208 277 238
148 410 297 179 285 18 381 281 149 81 136 42 266 109 80 349 235 255
6 28
136 122 140 132 126 125 116 113 131 127 119 134 121 137 138 130 120 118 123 139 135 117 114 115 128 129 133 124
52 38 56 48 42 41 32 29 47 43 35 50 37 53 54 46 36 34 39 55 51 33 30 31 44 45 49 40
108 94 112 104 98 97 88 85 103 99 91 106 93 109 110 102 92 90 95 111 107 89 86 87 100 101 105 96
80 66 84 76 70 69 60 57 75 71 63 78 65 81 82 74 64 62 67 83 79 61 58 59 72 73 77 68
24 10 28 20 14 13 4 1 19 15 7 22 9 25 26 18 8 6 11 27 23 5 2 3 16 17 21 12
164 150 168 160 154 153 144 141 159 155 147 162 149 165 166 158 148 146 151 167 163 145 142 143 156 157 161 152
1 10
10 1 4 9 2 8 7 5 3 6
10 1
4
10
7
6
9
3
8
5
2
1
