8813
4591
542
2769
10190
2961
12779
1700
12278
3038
7475
6329
220
3415
402
8257
2999
6200
807
4434
8594
4355
6280
4512
2043
300
13216
386
193
2399
7246
3469
10547
9193
311
143
12003
10562
6701
1079
160
10779
9121
666
8303
2256
1774
5598
6724
2011
7210
178
8994
8866
3410
3942
8303
10814
10622
2877
926
14912
907
6291
5969
419
7679
2187
5665
2308
10759
6556
873
765
2089
26
9528
669
636
7233
10268
11594
1824
11
1488
875
1772
11050
11000
153
7458
865
2056
4040
1989
3131
10035
2633
2646
8785
4051
843
944
9023
0
9378
7073
23
117
2477
2774
5893
4369
3742
5214
200
167
129
7713
555
953
4865
4256
8629
3325
1494
208
18
0
13781
14221
279
169
1126
2524
121
1961
658
6470
4045
196
7783
501
4292
12466
8745
909
1745
3500
117
8141
27
8789
8297
7715
55
3678
887
8700
107
6994
3294
8444
7242
12579
3910
8041
6036
41
1653
2147
9494
4607
6800
1088
4124
45
12974
6687
7871
2648
349
267
984
2751
0
11085
9720
10198
11024
8842
7017
64
13
3656
4707
5748
3836
4896
10232
0
7029
4145
12304
731
4045
5715
2866
6062
5479
2525
26
541
9060
5453
10732
6585
158
140
147
131
711
8516
9441
474
147
1742
105
6456
2100
7094
1372
13696
14
40
11581
5966
330
1634
11226
2910
5980
36
634
185
3064
773
33
134
11491
11310
61
2
6066
0
6842
5
497
1538
1801
28
154
430
1470
11571
1046
10015
5089
1310
8491
675
3315
1774
12490
2999
2186
76
24
780
1979
103
8632
1469
1079
3438
634
2345
776
2592
627
3348
0
355
4527
9100
562
1976
955
9699
4906
10089
6488
9149
12006
1821
3589
8611
200
1184
29
27
12540
9915
10879
3839
693
3024
65
3736
3725
10743
1053
1153
1538
2726
11248
53
8591
9
2923
8740
3078
7703
8417
9384
15338
505
9294
1549
11193
5500
1015
4531
477
1558
7926
3643
4345
2905
1709
7791
89
4013
1390
6426
11109
39
12058
4954
8475
3500
925
10854
7088
10178
10195
854
2055
8929
4625
7441
6223
34
6806
5340
891
12426
1322
14202
1192
4405
6309
7467
11328
94
23
8688
3225
1366
1251
109
0
9709
171
0
807
363
2046
9473
13731
12155
1812
2506
10329
7759
3206
9100
8520
349
7000
1724
6312
851
52
9174
1029
6713
7399
240
6248
11264
8965
9503
3179
8485
4270
9822
641
2
385
952
34
7747
4908
3183
0
2464
439
90
151
2409
5289
4288
2065
31
2458
1534
9510
7350
464
668
6090
1796
6376
2240
10753
2561
11304
2426
8370
44
349
4284
10143
1862
1399
12019
2115
4834
343
753
0
1488
4137
50
1385
4691
3529
5840
375
115
60
3920
182
11200
11120
352
0
908
184
3669
1590
121
7687
4112
2716
8047
11483
5341
3565
611
52
152
6921
7222
68
2793
2059
10678
9485
849
7959
1750
270
827
10930
919
1236
1101
0
11148
37
589
7613
6442
9676
7942
101
2002
773
11847
6664
13807
803
2465
6229
2985
6690
1556
0
105
1000
50
5823
8126
5781
3416
3454
76
4643
3338
0
993
0
2892
4368
1766
737
1180
6340
2096
3101
845
4386
0
755
501
156
7014
16
6846
5259
5404
10027
4674
643
4490
1965
29
11356
3083
8845
4664
80
1404
2643
965
9506
87
29
42
5792
3228
12642
87
11833
9359
3732
4811
11133
20
1956
1807
0
12286
2164
7045
2915
2892
3409
5239
6040
11003
7763
9898
824
305
1705
8289
1506
11297
2563
985
74
4724
7026
0
59
5828
8527
5215
163
5461
1430
3038
9
2011
8067
10339
11796
6700
445
1048
719
10016
9413
79
8475
11202
11651
3453
1575
10252
4753
5886
4620
0
1371
8861
7268
177
327
11112
4545
759
2773
2599
13
11126
16
12246
7126
9787
4971
2934
4927
1647
1017
2615
1814
8521
124
2141
1065
242
1287
819
344
550
1326
6407
489
7503
3255
396
2131
283
2988
5008
1717
2731
1190
34
513
9533
1070
9138
950
1800
8420
951
8895
3512
44
3310
280
8228
10945
2287
10904
1858
6574
1217
2730
224
7
6439
0
9753
11939
11619
13534
1309
8603
77
1111
3421
9689
10037
5824
8701
7961
10094
1374
3602
360
6793
2045
3364
2892
11460
8209
34
9418
2388
5068
514
6702
1199
7255
1037
1704
8593
9660
0
37
3962
966
1032
10582
849
2809
13093
2326
1492
11518
326
1650
212
8422
701
4151
4228
8176
84
531
2970
9470
902
6889
12777
5842
0
5248
11478
4923
4731
9425
12561
8061
8554
1899
8619
2236
154
2398
3194
7760
7070
40
5069
10624
120
2786
11936
1335
411
440
1890
722
2523
7689
0
0
2000
3630
6408
5788
4607
1134
1672
5297
3719
4241
101
6953
11062
9569
8084
4782
2066
682
8304
2802
1775
2360
5791
1678
661
719
2006
5369
6573
4864
2928
395
2419
5926
0
9827
10177
1478
152
787
13394
999
1306
396
6047
10776
9357
3077
1671
9349
117
1679
5506
1914
1708
4073
9746
181
4656
2620
3759
2994
3750
8830
0
8751
86
8781
1245
167
986
12887
9305
10009
5094
5
10298
862
32
4302
2464
8692
415
1763
1895
8148
8006
0
101
8166
227
0
3257
518
1064
3547
11059
5035
5822
5640
13252
7716
1277
863
6052
2357
94
38
256
346
9020
9599
5354
10116
728
1279
9048
4734
43
5392
3576
8239
8437
2786
732
1341
3283
7753
359
11209
7568
941
14767
7403
4892
63
732
65
3917
10148
3067
132
11920
5722
1265
1323
5176
145
55
1582
25
4144
5987
95
11166
5716
2726
955
2668
3300
597
13748
453
680
2733
3899
38
46
9793
7270
10072
5060
1322
10468
740
556
79
17
1300
2725
