1 0.01 1.2299
1 0.03 1.4897
1 0.10 1.0200
1 0.30 1.8382
1 1.00 0.9779
1 3.00 0.9823
1 6.00 0.9693
1 12.00 0.9761
1 24.00 5.9885
1 48.00 11.9985
2 0.01 1.3401
2 0.03 1.4211
2 0.10 0.7522
2 0.30 0.7410
2 1.00 0.0395
2 3.00 0.7246
2 6.00 0.9949
2 12.00 0.9625
2 24.00 5.9902
2 48.00 12.0020
3 0.01 1.2370
3 0.03 1.1495
3 0.10 0.1371
3 0.30 0.8004
3 1.00 0.1989
3 3.00 0.7172
3 6.00 0.0914
3 12.00 0.7794
3 24.00 2.7984
3 48.00 nan
4 0.01 1.3022
4 0.03 0.9043
4 0.10 0.1592
4 0.30 0.1983
4 1.00 0.0429
4 3.00 0.0479
4 6.00 0.0512
4 12.00 0.1579
4 24.00 5.9777
4 48.00 23.9769
5 0.01 0.8351
5 0.03 0.4965
5 0.10 0.1405
5 0.30 0.0718
5 1.00 0.0555
5 3.00 0.0317
5 6.00 0.0658
5 12.00 0.0638
5 24.00 2.0622
5 48.00 nan
6 0.01 0.7697
6 0.03 0.2531
6 0.10 0.1406
6 0.30 0.1709
6 1.00 0.0443
6 3.00 0.0283
6 6.00 0.0335
6 12.00 0.0438
6 24.00 2.1361
6 48.00 6.0134
