1 0.01 10000.0000
1 0.03 685.0000
1 0.10 10000.0000
1 0.30 110.0000
1 1.00 2712.0000
1 3.00 1344.0000
1 6.00 1089.0000
1 12.00 1313.0000
1 24.00 230.0000
1 48.00 10000.0000
2 0.01 10000.0000
2 0.03 1931.0000
2 0.10 9952.0000
2 0.30 5474.0000
2 1.00 4331.0000
2 3.00 1909.0000
2 6.00 1087.0000
2 12.00 2737.0000
2 24.00 285.0000
2 48.00 10000.0000
3 0.01 10000.0000
3 0.03 10000.0000
3 0.10 10000.0000
3 0.30 6719.0000
3 1.00 5030.0000
3 3.00 1726.0000
3 6.00 1898.0000
3 12.00 863.0000
3 24.00 7402.0000
3 48.00 4.0000
4 0.01 10000.0000
4 0.03 10000.0000
4 0.10 10000.0000
4 0.30 9192.0000
4 1.00 4338.0000
4 3.00 1965.0000
4 6.00 1490.0000
4 12.00 1354.0000
4 24.00 1251.0000
4 48.00 10000.0000
5 0.01 10000.0000
5 0.03 10000.0000
5 0.10 10000.0000
5 0.30 6075.0000
5 1.00 3893.0000
5 3.00 2295.0000
5 6.00 1492.0000
5 12.00 1291.0000
5 24.00 10000.0000
5 48.00 2.0000
6 0.01 10000.0000
6 0.03 10000.0000
6 0.10 10000.0000
6 0.30 8656.0000
6 1.00 3141.0000
6 3.00 2436.0000
6 6.00 1625.0000
6 12.00 1279.0000
6 24.00 10000.0000
6 48.00 10000.0000
