1 0.01 2.7696
1 0.03 0.1876
1 0.10 2.7383
1 0.30 0.0337
1 1.00 0.7854
1 3.00 0.3638
1 6.00 0.3003
1 12.00 0.3665
1 24.00 0.0712
1 48.00 2.7986
2 0.01 2.7908
2 0.03 0.5391
2 0.10 2.8208
2 0.30 1.5958
2 1.00 1.1917
2 3.00 0.5219
2 6.00 0.3060
2 12.00 0.7582
2 24.00 0.0801
2 48.00 2.7608
3 0.01 2.8943
3 0.03 2.9289
3 0.10 2.7570
3 0.30 1.8972
3 1.00 1.3928
3 3.00 0.4710
3 6.00 0.5383
3 12.00 0.2370
3 24.00 1.9961
3 48.00 0.0164
4 0.01 2.7429
4 0.03 2.8350
4 0.10 2.7520
4 0.30 2.5876
4 1.00 1.1992
4 3.00 0.5394
4 6.00 0.4056
4 12.00 0.3713
4 24.00 0.3466
4 48.00 2.7103
5 0.01 2.9341
5 0.03 2.8212
5 0.10 2.8813
5 0.30 1.8415
5 1.00 1.1246
5 3.00 0.7456
5 6.00 0.4610
5 12.00 0.3794
5 24.00 2.8831
5 48.00 0.0007
6 0.01 2.7045
6 0.03 2.9297
6 0.10 2.9844
6 0.30 2.7112
6 1.00 0.9932
6 3.00 0.7673
6 6.00 0.5174
6 12.00 0.3522
6 24.00 2.8238
6 48.00 2.7652
