1 0.01 75.0000
1 0.03 50.0000
1 0.10 75.0000
1 0.30 50.0000
1 1.00 75.0000
1 3.00 75.0000
1 6.00 75.0000
1 12.00 75.0000
1 24.00 50.0000
1 48.00 50.0000
2 0.01 75.0000
2 0.03 25.0000
2 0.10 50.0000
2 0.30 50.0000
2 1.00 100.0000
2 3.00 50.0000
2 6.00 75.0000
2 12.00 75.0000
2 24.00 75.0000
2 48.00 50.0000
3 0.01 75.0000
3 0.03 75.0000
3 0.10 100.0000
3 0.30 50.0000
3 1.00 100.0000
3 3.00 50.0000
3 6.00 100.0000
3 12.00 50.0000
3 24.00 100.0000
3 48.00 50.0000
4 0.01 75.0000
4 0.03 50.0000
4 0.10 100.0000
4 0.30 100.0000
4 1.00 100.0000
4 3.00 100.0000
4 6.00 100.0000
4 12.00 100.0000
4 24.00 50.0000
4 48.00 50.0000
5 0.01 100.0000
5 0.03 100.0000
5 0.10 100.0000
5 0.30 100.0000
5 1.00 100.0000
5 3.00 100.0000
5 6.00 100.0000
5 12.00 100.0000
5 24.00 75.0000
5 48.00 25.0000
6 0.01 100.0000
6 0.03 100.0000
6 0.10 100.0000
6 0.30 100.0000
6 1.00 100.0000
6 3.00 100.0000
6 6.00 100.0000
6 12.00 100.0000
6 24.00 75.0000
6 48.00 50.0000
