64 104968824
37 46
31 19 61 24
33 41 47 7
59 47 50 30
46 3 1 48
58 20 14 55
6 56 55 7
57 10 22 31
3 35 18 27
40 32 47 47
57 40 45 16
6 26 4 35
10 25 30 45
58 28 32 52
57 18 35 26
57 15 37 39
16 5 55 23
46 2 25 32
28 34 62 49
62 37 13 59
61 37 49 50
37 30 37 43
47 57 4 7
32 21 55 2
20 41 39 5
24 46 29 20
34 48 30 49
11 17 41 21
58 14 55 23
6 36 40 54
58 3 23 23
17 62 35 33
27 53 55 47
32 35 19 42
31 50 10 23
5 12 44 13
44 13 56 17
18 28 27 23
31 54 4 12
34 62 16 63
33 21 62 61
64 37 8 46
54 4 24 4
19 45 63 3
15 21 39 21
22 62 11 10
3 54 58 58
33 35 31 22
13 19 38 52
32 8 1 64
64 18 42 39
55 21 52 24
17 58 33 41
33 58 40 43
30 45 53 27
27 35 25 6
39 58 55 22
55 37 51 41
59 40 19 15
34 10 61 11
48 48 5 55
2 62 19 50
53 32 13 11
32 16 58 1
30 63 31 12
95 458909303
87 24
55 22 87 58
53 94 79 88
57 23 83 31
52 59 3 8
45 94 79 5
77 15 9 26
16 42 78 6
13 86 80 83
75 4 14 86
19 89 18 72
79 83 65 82
46 15 76 4
68 4 2 63
56 4 85 18
91 81 56 6
53 60 94 55
69 63 16 71
93 74 75 56
37 56 28 40
6 15 2 56
44 43 3 52
12 44 35 16
33 91 77 16
88 58 59 28
91 22 71 15
7 19 21 79
94 39 54 82
20 49 13 87
92 48 52 77
7 67 25 85
10 75 28 32
51 57 32 27
92 19 54 65
3 20 94 73
70 94 2 75
71 51 34 62
49 31 92 24
61 42 17 94
53 54 37 36
18 32 71 44
32 57 67 32
12 28 28 90
9 37 65 3
90 89 85 12
62 26 64 25
67 45 75 73
13 40 36 1
90 9 38 25
60 54 2 58
63 80 83 67
43 52 78 67
22 30 85 4
43 21 60 42
33 56 54 31
18 61 7 62
48 77 84 90
16 89 79 44
5 41 62 49
54 3 81 31
86 88 74 14
46 62 75 81
24 33 39 1
36 72 3 55
57 86 5 79
71 89 49 65
65 32 29 49
26 2 8 56
21 44 23 74
52 34 18 84
66 35 39 1
46 43 47 53
85 7 77 47
81 12 87 39
57 7 15 90
95 71 24 28
91 25 11 9
53 5 54 37
59 53 30 73
4 95 68 9
28 34 69 77
42 72 24 93
81 33 58 1
60 69 59 7
27 62 7 34
66 54 81 50
16 24 40 58
30 36 8 10
34 51 31 36
19 50 12 10
40 7 32 12
26 71 22 65
73 30 77 47
90 82 71 76
81 48 32 72
3 89 68 55
27 455962307
5 5
11 13 10 26
15 25 17 6
4 25 1 6
4 23 10 9
4 3 8 23
3 18 25 23
5 15 17 18
10 27 23 25
20 15 4 17
3 27 12 4
26 17 17 10
24 21 17 14
27 23 16 23
3 20 7 19
26 26 16 3
25 2 22 6
17 7 7 17
1 8 11 17
6 13 15 18
2 17 26 4
8 24 22 22
17 9 14 9
27 14 26 11
21 20 22 12
9 9 5 25
17 17 4 16
22 23 19 14
94 746585741
62 93
37 70 38 18
19 37 61 7
94 31 42 88
67 35 54 61
28 82 1 81
73 63 83 24
41 20 29 78
38 26 7 93
43 59 90 77
34 27 3 47
9 32 90 12
42 29 35 6
42 54 49 72
79 38 87 8
68 81 84 26
38 75 54 62
15 40 34 85
36 3 86 44
8 67 69 84
20 34 74 75
87 14 81 78
24 47 50 32
65 7 12 55
56 19 53 84
91 73 85 48
66 60 58 46
16 90 35 16
37 60 76 18
65 19 81 58
65 48 36 89
78 54 16 82
65 11 68 81
16 35 63 62
9 40 8 58
90 62 46 73
56 22 78 27
13 18 46 49
82 7 74 9
23 73 39 19
15 52 27 29
56 78 7 6
19 91 8 93
20 26 44 36
80 18 40 90
24 58 15 68
9 29 39 63
4 50 46 42
17 76 36 66
89 1 48 23
61 61 61 61
71 63 42 13
68 14 10 28
53 18 70 82
48 76 71 85
38 65 91 26
65 79 24 76
7 62 16 41
80 10 33 42
75 56 75 91
51 77 70 24
42 35 41 68
27 58 77 34
24 3 74 16
93 15 8 91
3 35 18 15
33 87 44 87
67 66 50 58
13 55 5 7
48 34 21 3
41 67 22 68
87 1 34 14
7 93 27 94
82 57 51 33
22 93 4 25
27 83 21 51
70 80 50 27
90 65 81 8
31 53 13 12
92 61 35 85
17 28 51 57
35 60 33 53
40 81 29 61
28 72 42 86
60 14 94 47
81 1 81 14
1 40 30 38
69 72 81 1
91 28 26 55
70 8 75 56
41 2 40 64
55 51 59 19
33 5 66 51
15 82 17 31
73 93 34 31
28 250259505
19 10
22 10 13 23
27 5 17 1
12 17 12 13
17 19 24 20
11 15 24 22
16 11 3 18
3 16 19 21
18 2 2 4
10 20 2 2
2 10 4 24
1 8 13 20
1 8 10 25
8 4 22 19
1 7 13 28
25 19 4 15
4 7 10 9
15 22 7 20
4 6 2 26
12 9 19 10
5 2 6 9
23 12 23 19
4 2 19 8
5 4 9 14
21 24 12 1
3 24 12 20
4 15 2 14
16 9 3 9
13 25 27 22
38 678118009
3 33
7 27 35 25
37 16 8 3
7 34 9 7
8 2 15 25
35 6 33 3
19 8 17 24
20 26 15 34
11 9 22 14
3 36 24 35
34 18 32 2
25 14 7 13
4 18 4 18
24 31 20 33
18 21 16 16
27 14 14 34
34 11 23 34
16 25 11 35
32 8 29 28
4 22 13 29
34 22 6 27
20 22 3 9
22 35 1 4
1 28 21 16
26 32 36 7
18 7 12 18
3 16 4 27
22 29 26 5
16 8 1 13
13 14 16 3
32 27 36 3
34 38 4 7
3 20 27 32
35 10 23 10
2 28 30 2
14 34 1 16
1 23 8 11
24 4 25 5
13 38 35 13
100 1048665577
40 95
39 14 15 90
49 88 80 70
37 16 63 57
71 82 63 30
54 9 78 58
42 18 29 33
12 13 6 65
20 73 68 64
66 5 54 20
58 39 28 64
13 42 44 39
27 54 18 72
54 50 94 45
37 71 24 69
30 15 60 52
43 85 67 1
39 63 30 14
5 16 8 66
41 44 34 26
81 15 32 74
92 99 20 32
43 36 90 61
42 60 16 14
97 50 82 12
33 11 4 69
63 49 49 34
46 75 4 64
78 43 35 87
6 92 8 31
89 78 54 78
14 5 9 94
82 29 45 92
37 21 59 74
89 45 67 21
100 39 43 65
94 41 68 84
36 17 89 66
21 32 55 100
87 28 30 96
100 9 30 24
4 19 75 66
13 15 68 49
6 6 26 82
79 97 72 72
7 58 42 4
89 67 26 83
7 83 3 65
40 44 28 92
86 92 12 14
75 65 100 90
70 79 88 90
72 99 25 7
21 25 10 39
68 40 75 90
13 55 2 40
9 85 68 21
18 64 75 86
29 31 38 36
62 13 91 65
84 65 43 74
65 25 22 85
20 28 35 44
33 39 97 53
12 67 8 6
84 49 36 48
68 67 73 41
24 15 30 21
80 92 61 100
22 54 3 52
70 10 44 38
48 46 39 14
30 66 12 78
79 5 60 99
94 6 48 100
33 59 70 69
39 98 87 21
92 35 22 46
17 17 79 26
26 8 78 74
13 92 33 6
46 34 89 10
82 2 74 57
1 87 83 55
71 16 45 85
19 32 1 33
39 42 76 52
12 93 87 37
50 82 23 60
10 58 89 80
100 72 61 1
89 48 72 25
13 70 30 65
94 6 21 40
53 76 8 43
65 39 26 51
1 8 68 85
98 89 39 59
74 22 79 57
93 33 19 83
74 88 5 51
77 869702508
39 75
1 77 53 22
66 58 71 57
60 25 28 18
10 71 30 57
73 39 65 23
66 15 42 30
64 45 6 62
28 48 11 13
3 36 6 33
51 22 49 28
52 10 6 66
2 39 62 58
70 10 21 29
35 37 36 16
41 27 48 50
14 65 51 61
55 17 54 55
53 52 25 4
71 46 48 12
10 48 8 5
31 36 15 65
19 68 72 7
70 23 24 55
71 5 52 9
65 52 14 13
46 29 26 15
35 40 65 25
50 56 27 23
6 49 66 23
12 57 53 38
31 32 14 38
62 57 24 32
7 63 66 4
32 20 35 57
34 46 77 20
69 59 47 15
71 10 55 40
17 51 48 12
32 6 1 5
59 66 71 49
68 69 29 40
43 53 27 9
65 25 67 45
75 31 40 13
63 34 61 4
65 42 51 51
53 62 75 17
15 61 77 54
56 58 13 18
57 10 36 63
73 47 1 30
30 51 45 33
6 2 42 44
22 45 20 10
56 59 15 4
16 33 4 14
30 19 19 67
22 9 26 25
31 15 39 23
17 58 70 65
51 51 57 13
12 13 11 13
18 68 6 65
57 36 20 45
20 4 44 46
8 1 58 43
68 56 68 50
14 40 44 22
76 61 15 14
37 61 25 15
42 71 41 53
59 44 35 8
12 38 72 71
29 6 38 25
58 69 18 53
69 16 7 70
58 54 44 52
92 1007926366
48 57
13 23 77 76
91 84 26 31
76 37 77 57
90 44 42 19
17 19 77 68
3 54 56 28
92 10 48 92
79 47 28 41
24 72 51 30
14 76 42 84
31 5 69 36
75 40 42 37
58 83 74 41
48 58 63 56
47 87 86 30
54 34 11 41
64 55 67 54
9 2 17 65
60 72 4 61
92 66 43 60
35 81 76 57
6 15 5 58
24 63 81 21
67 50 82 75
47 43 30 38
38 45 39 47
9 67 46 34
70 91 12 40
44 41 28 13
74 27 25 56
88 17 32 5
24 91 44 17
53 44 22 85
2 79 30 69
70 19 36 27
27 64 61 8
53 3 7 83
39 46 7 32
79 78 39 18
33 52 8 73
36 33 49 59
19 33 38 81
80 25 41 14
39 84 91 41
30 40 61 60
51 59 49 68
30 80 22 33
44 85 36 59
81 68 74 1
47 44 84 79
57 41 4 19
50 28 60 8
7 87 9 82
39 12 69 39
88 8 54 3
8 25 6 62
75 88 7 10
19 4 9 70
72 30 26 58
22 2 14 38
21 83 7 69
58 67 19 25
65 35 71 46
39 70 83 29
67 3 88 9
69 30 15 18
53 46 91 37
36 56 39 49
50 25 28 64
63 89 15 34
22 88 68 32
39 1 40 67
48 63 89 47
46 67 67 46
20 51 40 75
91 49 53 17
67 74 2 22
49 64 74 31
9 47 10 37
92 23 58 68
18 83 77 40
43 78 17 14
72 31 78 29
77 29 24 7
7 51 21 83
44 32 3 1
90 51 11 15
38 51 74 8
21 2 4 67
81 73 6 18
71 46 27 32
14 24 36 14
1 885536905
1 1
1 1 1 1
2 20
1 1
2 2 2 2
1 1 1 1
4 219896861
4 3
4 3 1 3
1 4 1 2
4 1 1 2
4 2 1 1
95 1073741823
2 5
94 44 79 46
1 88 59 20
62 38 77 46
37 59 52 42
52 27 47 21
35 2 77 63
63 51 52 89
53 84 62 94
56 89 66 56
57 33 69 74
11 90 42 81
58 30 94 75
73 9 5 1
28 81 88 20
11 65 20 55
90 67 93 3
13 12 81 46
7 44 78 28
17 51 34 60
26 76 22 24
23 34 18 54
25 46 1 46
12 3 39 11
45 48 57 41
15 29 83 18
14 82 72 10
45 37 84 13
75 17 72 92
61 26 30 66
71 75 40 68
14 79 32 74
22 93 85 14
66 82 41 37
81 82 87 11
76 11 89 49
62 51 63 45
4 29 62 18
9 58 21 94
69 10 36 89
89 90 91 82
86 49 80 46
70 92 16 79
65 51 52 52
41 40 69 46
51 15 46 45
52 34 64 4
65 1 28 30
5 51 46 11
22 36 83 10
63 86 49 49
69 19 61 18
78 32 13 47
23 81 94 51
78 77 1 12
5 11 87 37
38 34 57 58
8 12 10 94
34 61 59 90
21 30 28 58
5 73 24 87
72 91 78 82
64 49 86 73
64 72 25 85
50 94 23 44
35 6 60 53
68 72 49 93
78 60 9 83
31 22 82 86
20 84 59 18
24 95 65 59
61 20 32 92
79 38 36 65
3 8 66 66
84 25 30 86
68 91 42 58
47 39 18 27
56 16 28 51
26 74 2 27
62 44 76 36
84 80 87 49
77 27 44 49
56 83 88 87
67 63 75 92
17 17 7 63
6 33 50 18
11 17 52 44
22 9 68 40
38 74 92 27
7 42 42 10
41 93 81 62
83 43 49 95
31 23 89 13
7 8 74 36
26 75 41 55
3 90 16 69
2 29
1 1
2 2 2 2
1 1 1 1
2 0
1 1
2 2 2 2
1 1 1 1
2 0
1 2
2 2 2 2
1 1 1 1
3 2
3 1
1 2 2 2
2 1 3 2
2 2 3 1
98 781047823
31 70
12 77 56 12
65 2 72 25
3 50 13 80
75 31 29 10
7 42 6 75
8 33 14 75
47 9 20 28
83 57 44 56
25 31 78 70
71 55 63 42
70 72 84 34
62 71 55 43
92 70 12 34
31 78 23 54
23 11 60 32
48 47 76 60
35 24 72 37
17 77 23 64
22 32 68 79
70 44 72 43
53 71 62 80
7 81 80 55
81 75 68 91
29 18 89 64
73 76 62 67
34 33 60 51
86 96 26 41
62 14 86 9
51 71 53 25
22 1 82 31
11 35 71 6
40 89 51 83
89 22 1 19
7 43 45 66
55 95 55 87
29 45 45 38
94 90 60 42
52 23 92 62
32 46 22 76
94 59 48 6
12 27 81 91
97 79 29 66
1 39 26 76
2 67 56 14
80 21 75 91
68 29 63 46
11 23 30 88
32 4 23 75
50 80 44 28
89 94 40 29
20 85 71 91
9 35 3 41
20 11 27 83
23 59 63 85
80 18 44 89
68 60 67 97
3 34 57 89
86 32 68 29
6 26 50 97
43 72 39 2
62 3 68 38
81 51 9 19
17 40 45 4
83 12 88 39
7 34 22 54
42 74 16 16
87 73 54 64
79 31 84 21
44 91 3 55
8 37 33 68
33 54 39 31
45 94 53 75
15 4 46 96
32 80 72 83
7 60 21 63
10 47 18 21
90 63 61 46
31 24 89 55
54 18 17 73
30 40 98 43
36 70 5 74
43 51 47 43
35 37 19 75
15 39 36 61
47 60 33 12
63 52 55 60
97 13 35 22
88 85 82 88
42 5 77 14
42 80 78 86
13 98 63 81
69 71 97 22
86 46 86 23
79 5 24 79
98 32 53 52
46 50 57 71
40 62 5 30
5 91 93 49
55 637910297
29 50
43 33 13 35
7 19 45 7
9 27 15 19
49 3 30 48
36 51 7 53
47 54 40 52
20 38 22 31
46 7 6 12
55 47 25 29
39 39 1 36
26 6 21 51
24 10 25 26
21 38 14 11
47 16 20 10
19 13 3 26
51 32 6 31
14 17 20 6
21 22 41 8
5 43 18 51
53 51 11 42
41 29 55 23
6 17 19 5
45 41 26 36
18 23 50 38
55 46 1 30
45 25 55 19
36 53 38 25
10 55 35 5
14 31 27 18
46 7 20 13
28 3 21 39
50 23 7 15
23 29 13 1
55 33 28 8
6 21 1 11
38 5 1 14
17 33 24 53
35 23 29 51
24 9 22 9
26 23 49 54
52 17 29 19
21 52 49 27
42 32 9 2
39 31 19 27
50 8 19 42
26 6 26 35
2 52 30 22
45 11 25 22
16 25 5 23
23 44 21 51
10 43 44 27
6 47 10 18
53 29 1 35
51 21 22 24
4 30 42 28
1 798587782
1 1
1 1 1 1
49 316632602
17 20
17 19 19 29
22 9 3 44
29 21 8 11
28 22 43 13
48 42 39 3
1 20 2 37
33 47 5 26
34 36 11 46
6 33 41 48
40 18 48 25
25 5 25 20
5 40 7 22
9 14 43 28
11 18 34 28
11 48 23 28
49 38 28 4
25 39 34 26
30 26 21 29
23 37 5 15
36 47 37 28
32 42 43 30
35 7 10 48
6 13 19 20
34 3 12 10
38 23 13 16
40 47 35 3
12 2 19 1
45 16 36 30
7 25 17 34
36 37 2 27
38 38 27 49
24 28 19 39
39 29 42 7
20 40 22 8
8 16 45 33
45 4 26 43
18 28 28 29
35 12 4 32
12 18 45 13
15 43 45 19
41 17 25 28
36 49 22 31
46 27 48 37
31 33 2 1
8 7 48 18
15 10 5 4
25 7 1 42
18 31 26 35
28 9 1 43
