1 0.01 0.7048
1 0.03 1.0285
1 0.10 0.7117
1 0.30 0.7542
1 1.00 0.7163
1 3.00 0.7330
1 6.00 0.9185
1 12.00 2.1943
1 24.00 4.4962
1 48.00 8.9999
2 0.01 0.1560
2 0.03 0.0876
2 0.10 0.0768
2 0.30 0.0461
2 1.00 0.0239
2 3.00 0.0168
2 6.00 0.0155
2 12.00 0.0193
2 24.00 0.1188
2 48.00 inf
3 0.01 0.1079
3 0.03 0.1098
3 0.10 0.0523
3 0.30 0.0319
3 1.00 0.0201
3 3.00 0.0126
3 6.00 0.0115
3 12.00 0.0141
3 24.00 0.0865
3 48.00 nan
4 0.01 0.0984
4 0.03 0.0671
4 0.10 0.0454
4 0.30 0.0254
4 1.00 0.0146
4 3.00 0.0124
4 6.00 0.0117
4 12.00 0.0169
4 24.00 0.0711
4 48.00 nan
5 0.01 0.0756
5 0.03 0.0503
5 0.10 0.0275
5 0.30 0.0185
5 1.00 0.0136
5 3.00 0.0103
5 6.00 0.0132
5 12.00 0.0339
5 24.00 inf
5 48.00 nan
6 0.01 0.0759
6 0.03 0.0448
6 0.10 0.0332
6 0.30 0.0284
6 1.00 0.0147
6 3.00 0.0083
6 6.00 0.0101
6 12.00 0.0454
6 24.00 0.0999
6 48.00 nan
7 0.01 0.0614
7 0.03 0.0423
7 0.10 0.0250
7 0.30 0.0202
7 1.00 0.0129
7 3.00 0.0068
7 6.00 0.0175
7 12.00 0.0385
7 24.00 nan
7 48.00 nan
8 0.01 0.0825
8 0.03 0.0407
8 0.10 0.0279
8 0.30 0.0225
8 1.00 0.0115
8 3.00 0.0094
8 6.00 0.0187
8 12.00 0.0569
8 24.00 nan
8 48.00 nan
9 0.01 0.0660
9 0.03 0.0452
9 0.10 0.0200
9 0.30 0.0168
9 1.00 0.0101
9 3.00 0.0073
9 6.00 0.0193
9 12.00 inf
9 24.00 inf
9 48.00 nan
10 0.01 0.0708
10 0.03 0.0481
10 0.10 0.0255
10 0.30 0.0191
10 1.00 0.0105
10 3.00 0.0078
10 6.00 0.0169
10 12.00 inf
10 24.00 nan
10 48.00 nan
11 0.01 0.0724
11 0.03 0.0429
11 0.10 0.0230
11 0.30 0.0199
11 1.00 0.0103
11 3.00 0.0083
11 6.00 0.0073
11 12.00 inf
11 24.00 nan
11 48.00 nan
12 0.01 0.0610
12 0.03 0.0378
12 0.10 0.0245
12 0.30 0.0176
12 1.00 0.0099
12 3.00 0.0070
12 6.00 0.0241
12 12.00 inf
12 24.00 nan
12 48.00 nan
13 0.01 0.0537
13 0.03 0.0440
13 0.10 0.0246
13 0.30 0.0152
13 1.00 0.0083
13 3.00 0.0121
13 6.00 0.0229
13 12.00 nan
13 24.00 nan
13 48.00 nan
14 0.01 0.0643
14 0.03 0.0348
14 0.10 0.0221
14 0.30 0.0145
14 1.00 0.0092
14 3.00 0.0079
14 6.00 0.0245
14 12.00 nan
14 24.00 nan
14 48.00 nan
15 0.01 0.0541
15 0.03 0.0360
15 0.10 0.0248
15 0.30 0.0141
15 1.00 0.0086
15 3.00 0.0075
15 6.00 0.0310
15 12.00 nan
15 24.00 nan
15 48.00 nan
16 0.01 0.0504
16 0.03 0.0374
16 0.10 0.0236
16 0.30 0.0139
16 1.00 0.0095
16 3.00 0.0063
16 6.00 0.0269
16 12.00 nan
16 24.00 nan
16 48.00 nan
17 0.01 0.0600
17 0.03 0.0402
17 0.10 0.0223
17 0.30 0.0139
17 1.00 0.0097
17 3.00 0.0078
17 6.00 0.0251
17 12.00 nan
17 24.00 nan
17 48.00 nan
18 0.01 0.0452
18 0.03 0.0380
18 0.10 0.0223
18 0.30 0.0141
18 1.00 0.0101
18 3.00 0.0084
18 6.00 0.0281
18 12.00 nan
18 24.00 nan
18 48.00 nan
19 0.01 0.0507
19 0.03 0.0361
19 0.10 0.0194
19 0.30 0.0130
19 1.00 0.0086
19 3.00 0.0066
19 6.00 0.0278
19 12.00 nan
19 24.00 nan
19 48.00 nan
20 0.01 0.0484
20 0.03 0.0336
20 0.10 0.0189
20 0.30 0.0135
20 1.00 0.0096
20 3.00 0.0059
20 6.00 0.0303
20 12.00 nan
20 24.00 nan
20 48.00 nan
21 0.01 0.0550
21 0.03 0.0334
21 0.10 0.0239
21 0.30 0.0136
21 1.00 0.0085
21 3.00 0.0077
21 6.00 0.0300
21 12.00 nan
21 24.00 nan
21 48.00 nan
22 0.01 0.0592
22 0.03 0.0294
22 0.10 0.0201
22 0.30 0.0137
22 1.00 0.0081
22 3.00 0.0067
22 6.00 0.0365
22 12.00 nan
22 24.00 nan
22 48.00 nan
23 0.01 0.0501
23 0.03 0.0361
23 0.10 0.0193
23 0.30 0.0128
23 1.00 0.0085
23 3.00 0.0074
23 6.00 0.0291
23 12.00 nan
23 24.00 nan
23 48.00 nan
24 0.01 0.0506
24 0.03 0.0301
24 0.10 0.0192
24 0.30 0.0133
24 1.00 0.0085
24 3.00 0.0076
24 6.00 0.0287
24 12.00 nan
24 24.00 nan
24 48.00 nan
25 0.01 0.0525
25 0.03 0.0305
25 0.10 0.0212
25 0.30 0.0130
25 1.00 0.0093
25 3.00 0.0078
25 6.00 0.0320
25 12.00 nan
25 24.00 nan
25 48.00 nan
26 0.01 0.0486
26 0.03 0.0318
26 0.10 0.0212
26 0.30 0.0131
26 1.00 0.0087
26 3.00 0.0086
26 6.00 0.0330
26 12.00 nan
26 24.00 nan
26 48.00 nan
27 0.01 0.0470
27 0.03 0.0276
27 0.10 0.0181
27 0.30 0.0123
27 1.00 0.0073
27 3.00 0.0073
27 6.00 nan
27 12.00 nan
27 24.00 nan
27 48.00 nan
28 0.01 0.0475
28 0.03 0.0316
28 0.10 0.0207
28 0.30 0.0135
28 1.00 0.0090
28 3.00 0.0082
28 6.00 nan
28 12.00 nan
28 24.00 nan
28 48.00 nan
29 0.01 0.0460
29 0.03 0.0310
29 0.10 0.0196
29 0.30 0.0132
29 1.00 0.0080
29 3.00 0.0069
29 6.00 nan
29 12.00 nan
29 24.00 nan
29 48.00 nan
30 0.01 0.0468
30 0.03 0.0287
30 0.10 0.0194
30 0.30 0.0123
30 1.00 0.0090
30 3.00 0.0087
30 6.00 nan
30 12.00 nan
30 24.00 nan
30 48.00 nan
31 0.01 0.0492
31 0.03 0.0315
31 0.10 0.0198
31 0.30 0.0129
31 1.00 0.0090
31 3.00 0.0074
31 6.00 nan
31 12.00 nan
31 24.00 nan
31 48.00 nan
32 0.01 0.0491
32 0.03 0.0314
32 0.10 0.0191
32 0.30 0.0118
32 1.00 0.0092
32 3.00 0.0071
32 6.00 nan
32 12.00 nan
32 24.00 nan
32 48.00 nan
33 0.01 0.0486
33 0.03 0.0298
33 0.10 0.0210
33 0.30 0.0131
33 1.00 0.0087
33 3.00 0.0083
33 6.00 nan
33 12.00 nan
33 24.00 nan
33 48.00 nan
34 0.01 0.0535
34 0.03 0.0296
34 0.10 0.0182
34 0.30 0.0141
34 1.00 0.0083
34 3.00 0.0088
34 6.00 nan
34 12.00 nan
34 24.00 nan
34 48.00 nan
35 0.01 0.0471
35 0.03 0.0331
35 0.10 0.0189
35 0.30 0.0133
35 1.00 0.0079
35 3.00 0.0084
35 6.00 nan
35 12.00 nan
35 24.00 nan
35 48.00 nan
36 0.01 0.0450
36 0.03 0.0289
36 0.10 0.0188
36 0.30 0.0136
36 1.00 0.0083
36 3.00 0.0084
36 6.00 nan
36 12.00 nan
36 24.00 nan
36 48.00 nan
37 0.01 0.0467
37 0.03 0.0316
37 0.10 0.0186
37 0.30 0.0118
37 1.00 0.0088
37 3.00 0.0082
37 6.00 nan
37 12.00 nan
37 24.00 nan
37 48.00 nan
38 0.01 0.0464
38 0.03 0.0303
38 0.10 0.0186
38 0.30 0.0126
38 1.00 0.0076
38 3.00 0.0081
38 6.00 nan
38 12.00 nan
38 24.00 nan
38 48.00 nan
39 0.01 0.0453
39 0.03 0.0280
39 0.10 0.0197
39 0.30 0.0127
39 1.00 0.0077
39 3.00 0.0076
39 6.00 nan
39 12.00 nan
39 24.00 nan
39 48.00 nan
40 0.01 0.0467
40 0.03 0.0284
40 0.10 0.0186
40 0.30 0.0124
40 1.00 0.0077
40 3.00 0.0069
40 6.00 nan
40 12.00 nan
40 24.00 nan
40 48.00 nan
41 0.01 0.0419
41 0.03 0.0299
41 0.10 0.0180
41 0.30 0.0121
41 1.00 0.0083
41 3.00 0.0078
41 6.00 nan
41 12.00 nan
41 24.00 nan
41 48.00 nan
42 0.01 0.0427
42 0.03 0.0296
42 0.10 0.0179
42 0.30 0.0126
42 1.00 0.0080
42 3.00 0.0085
42 6.00 nan
42 12.00 nan
42 24.00 nan
42 48.00 nan
43 0.01 0.0461
43 0.03 0.0311
43 0.10 0.0188
43 0.30 0.0122
43 1.00 0.0076
43 3.00 0.0079
43 6.00 nan
43 12.00 nan
43 24.00 nan
43 48.00 nan
44 0.01 0.0444
44 0.03 0.0281
44 0.10 0.0180
44 0.30 0.0132
44 1.00 0.0077
44 3.00 0.0084
44 6.00 nan
44 12.00 nan
44 24.00 nan
44 48.00 nan
45 0.01 0.0432
45 0.03 0.0283
45 0.10 0.0184
45 0.30 0.0126
45 1.00 0.0082
45 3.00 0.0073
45 6.00 nan
45 12.00 nan
45 24.00 nan
45 48.00 nan
46 0.01 0.0437
46 0.03 0.0286
46 0.10 0.0171
46 0.30 0.0112
46 1.00 0.0080
46 3.00 0.0081
46 6.00 nan
46 12.00 nan
46 24.00 nan
46 48.00 nan
47 0.01 0.0445
47 0.03 0.0309
47 0.10 0.0185
47 0.30 0.0118
47 1.00 0.0078
47 3.00 0.0079
47 6.00 nan
47 12.00 nan
47 24.00 nan
47 48.00 nan
48 0.01 0.0417
48 0.03 0.0291
48 0.10 0.0185
48 0.30 0.0121
48 1.00 0.0088
48 3.00 0.0079
48 6.00 nan
48 12.00 nan
48 24.00 nan
48 48.00 nan
49 0.01 0.0421
49 0.03 0.0278
49 0.10 0.0170
49 0.30 0.0114
49 1.00 0.0076
49 3.00 0.0081
49 6.00 nan
49 12.00 nan
49 24.00 nan
49 48.00 nan
50 0.01 0.0431
50 0.03 0.0299
50 0.10 0.0170
50 0.30 0.0117
50 1.00 0.0082
50 3.00 0.0079
50 6.00 nan
50 12.00 nan
50 24.00 nan
50 48.00 nan
51 0.01 0.0444
51 0.03 0.0288
51 0.10 0.0171
51 0.30 0.0112
51 1.00 0.0087
51 3.00 0.0081
51 6.00 nan
51 12.00 nan
51 24.00 nan
51 48.00 nan
52 0.01 0.0434
52 0.03 0.0284
52 0.10 0.0174
52 0.30 0.0112
52 1.00 0.0083
52 3.00 0.0085
52 6.00 nan
52 12.00 nan
52 24.00 nan
52 48.00 nan
53 0.01 0.0397
53 0.03 0.0287
53 0.10 0.0175
53 0.30 0.0119
53 1.00 0.0082
53 3.00 0.0075
53 6.00 nan
53 12.00 nan
53 24.00 nan
53 48.00 nan
54 0.01 0.0419
54 0.03 0.0281
54 0.10 0.0192
54 0.30 0.0117
54 1.00 0.0082
54 3.00 nan
54 6.00 nan
54 12.00 nan
54 24.00 nan
54 48.00 nan
55 0.01 0.0436
55 0.03 0.0270
55 0.10 0.0175
55 0.30 0.0124
55 1.00 0.0081
55 3.00 nan
55 6.00 nan
55 12.00 nan
55 24.00 nan
55 48.00 nan
56 0.01 0.0444
56 0.03 0.0287
56 0.10 0.0163
56 0.30 0.0113
56 1.00 0.0082
56 3.00 nan
56 6.00 nan
56 12.00 nan
56 24.00 nan
56 48.00 nan
57 0.01 0.0424
57 0.03 0.0256
57 0.10 0.0174
57 0.30 0.0111
57 1.00 0.0086
57 3.00 nan
57 6.00 nan
57 12.00 nan
57 24.00 nan
57 48.00 nan
58 0.01 0.0406
58 0.03 0.0274
58 0.10 0.0183
58 0.30 0.0114
58 1.00 0.0076
58 3.00 nan
58 6.00 nan
58 12.00 nan
58 24.00 nan
58 48.00 nan
59 0.01 0.0422
59 0.03 0.0292
59 0.10 0.0173
59 0.30 0.0118
59 1.00 0.0080
59 3.00 nan
59 6.00 nan
59 12.00 nan
59 24.00 nan
59 48.00 nan
60 0.01 0.0396
60 0.03 0.0277
60 0.10 0.0170
60 0.30 0.0111
60 1.00 0.0077
60 3.00 nan
60 6.00 nan
60 12.00 nan
60 24.00 nan
60 48.00 nan
