1 0.01 0.3964
1 0.03 0.1750
1 0.10 0.0728
1 0.30 0.0299
1 1.00 0.0101
1 3.00 0.0044
1 6.00 0.0052
1 12.00 0.0497
1 24.00 1.7703
1 48.00 4.5496
2 0.01 4.3187
2 0.03 2.4126
2 0.10 1.3737
2 0.30 0.7705
2 1.00 0.4207
2 3.00 0.2434
2 6.00 0.1720
2 12.00 0.1200
2 24.00 0.0348
2 48.00 0.0112
3 0.01 2.8190
3 0.03 1.6820
3 0.10 0.8881
3 0.30 0.5102
3 1.00 0.2792
3 3.00 0.1609
3 6.00 0.1147
3 12.00 0.0798
3 24.00 0.0301
3 48.00 0.0003
4 0.01 2.2298
4 0.03 1.2282
4 0.10 0.7118
4 0.30 0.4036
4 1.00 0.2225
4 3.00 0.1280
4 6.00 0.0915
4 12.00 0.0548
4 24.00 0.0274
4 48.00 0.0003
5 0.01 1.6307
5 0.03 1.0610
5 0.10 0.6147
5 0.30 0.3469
5 1.00 0.1936
5 3.00 0.1116
5 6.00 0.0764
5 12.00 0.0384
5 24.00 0.0194
5 48.00 0.0003
6 0.01 1.7553
6 0.03 0.9904
6 0.10 0.5552
6 0.30 0.3173
6 1.00 0.1721
6 3.00 0.1022
6 6.00 0.0640
6 12.00 0.0275
6 24.00 0.0228
6 48.00 0.0003
7 0.01 1.5884
7 0.03 0.9079
7 0.10 0.5057
7 0.30 0.2936
7 1.00 0.1643
7 3.00 0.0931
7 6.00 0.0575
7 12.00 0.0347
7 24.00 0.0003
7 48.00 0.0003
8 0.01 1.6187
8 0.03 0.8874
8 0.10 0.4795
8 0.30 0.2784
8 1.00 0.1555
8 3.00 0.0885
8 6.00 0.0558
8 12.00 0.0279
8 24.00 0.0003
8 48.00 0.0003
9 0.01 1.5338
9 0.03 0.8828
9 0.10 0.4506
9 0.30 0.2692
9 1.00 0.1441
9 3.00 0.0863
9 6.00 0.0536
9 12.00 0.0287
9 24.00 0.0204
9 48.00 0.0003
10 0.01 1.3012
10 0.03 0.8405
10 0.10 0.4454
10 0.30 0.2474
10 1.00 0.1408
10 3.00 0.0826
10 6.00 0.0513
10 12.00 0.0288
10 24.00 0.0003
10 48.00 0.0003
11 0.01 1.4200
11 0.03 0.7532
11 0.10 0.3976
11 0.30 0.2509
11 1.00 0.1384
11 3.00 0.0778
11 6.00 0.0492
11 12.00 0.0287
11 24.00 0.0003
11 48.00 0.0003
12 0.01 1.3672
12 0.03 0.7776
12 0.10 0.4320
12 0.30 0.2400
12 1.00 0.1328
12 3.00 0.0774
12 6.00 0.0412
12 12.00 0.0288
12 24.00 0.0004
12 48.00 0.0003
13 0.01 1.2856
13 0.03 0.7712
13 0.10 0.4031
13 0.30 0.2378
13 1.00 0.1301
13 3.00 0.0725
13 6.00 0.0406
13 12.00 0.0003
13 24.00 0.0003
13 48.00 0.0003
14 0.01 1.3052
14 0.03 0.7189
14 0.10 0.4085
14 0.30 0.2310
14 1.00 0.1255
14 3.00 0.0737
14 6.00 0.0406
14 12.00 0.0003
14 24.00 0.0003
14 48.00 0.0003
15 0.01 1.2786
15 0.03 0.7331
15 0.10 0.4609
15 0.30 0.2343
15 1.00 0.1296
15 3.00 0.0768
15 6.00 0.0421
15 12.00 0.0003
15 24.00 0.0003
15 48.00 0.0003
16 0.01 1.3659
16 0.03 0.7296
16 0.10 0.4279
16 0.30 0.2389
16 1.00 0.1337
16 3.00 0.0753
16 6.00 0.0428
16 12.00 0.0003
16 24.00 0.0003
16 48.00 0.0003
17 0.01 1.2808
17 0.03 0.7472
17 0.10 0.3953
17 0.30 0.2287
17 1.00 0.1246
17 3.00 0.0738
17 6.00 0.0444
17 12.00 0.0003
17 24.00 0.0003
17 48.00 0.0003
18 0.01 1.2549
18 0.03 0.7357
18 0.10 0.3966
18 0.30 0.2325
18 1.00 0.1241
18 3.00 0.0730
18 6.00 0.0436
18 12.00 0.0003
18 24.00 0.0003
18 48.00 0.0003
19 0.01 1.2828
19 0.03 0.7302
19 0.10 0.3908
19 0.30 0.2241
19 1.00 0.1272
19 3.00 0.0728
19 6.00 0.0440
19 12.00 0.0004
19 24.00 0.0003
19 48.00 0.0003
20 0.01 1.2826
20 0.03 0.7253
20 0.10 0.3937
20 0.30 0.2272
20 1.00 0.1269
20 3.00 0.0700
20 6.00 0.0440
20 12.00 0.0003
20 24.00 0.0003
20 48.00 0.0003
21 0.01 1.2979
21 0.03 0.7257
21 0.10 0.3975
21 0.30 0.2257
21 1.00 0.1264
21 3.00 0.0710
21 6.00 0.0453
21 12.00 0.0003
21 24.00 0.0005
21 48.00 0.0003
22 0.01 1.3076
22 0.03 0.7176
22 0.10 0.3958
22 0.30 0.2255
22 1.00 0.1245
22 3.00 0.0715
22 6.00 0.0456
22 12.00 0.0003
22 24.00 0.0003
22 48.00 0.0003
23 0.01 1.2691
23 0.03 0.7364
23 0.10 0.3956
23 0.30 0.2264
23 1.00 0.1237
23 3.00 0.0650
23 6.00 0.0449
23 12.00 0.0003
23 24.00 0.0003
23 48.00 0.0003
24 0.01 1.2832
24 0.03 0.7272
24 0.10 0.3927
24 0.30 0.2268
24 1.00 0.1243
24 3.00 0.0658
24 6.00 0.0458
24 12.00 0.0003
24 24.00 0.0003
24 48.00 0.0003
25 0.01 1.2978
25 0.03 0.7277
25 0.10 0.3973
25 0.30 0.2311
25 1.00 0.1256
25 3.00 0.0632
25 6.00 0.0457
25 12.00 0.0004
25 24.00 0.0003
25 48.00 0.0003
26 0.01 1.2836
26 0.03 0.7489
26 0.10 0.3959
26 0.30 0.2307
26 1.00 0.1252
26 3.00 0.0643
26 6.00 0.0464
26 12.00 0.0005
26 24.00 0.0003
26 48.00 0.0003
27 0.01 1.3692
27 0.03 0.7252
27 0.10 0.3977
27 0.30 0.2311
27 1.00 0.1252
27 3.00 0.0642
27 6.00 0.0003
27 12.00 0.0004
27 24.00 0.0003
27 48.00 0.0007
28 0.01 1.3113
28 0.03 0.7453
28 0.10 0.4027
28 0.30 0.2308
28 1.00 0.1258
28 3.00 0.0647
28 6.00 0.0004
28 12.00 0.0003
28 24.00 0.0003
28 48.00 0.0005
29 0.01 1.2952
29 0.03 0.7469
29 0.10 0.4024
29 0.30 0.2325
29 1.00 0.1267
29 3.00 0.0655
29 6.00 0.0003
29 12.00 0.0004
29 24.00 0.0003
29 48.00 0.0005
30 0.01 1.3028
30 0.03 0.7373
30 0.10 0.4049
30 0.30 0.2339
30 1.00 0.1284
30 3.00 0.0658
30 6.00 0.0003
30 12.00 0.0004
30 24.00 0.0003
30 48.00 0.0004
31 0.01 1.3569
31 0.03 0.7701
31 0.10 0.4163
31 0.30 0.2640
31 1.00 0.1295
31 3.00 0.0676
31 6.00 0.0003
31 12.00 0.0004
31 24.00 0.0004
31 48.00 0.0004
32 0.01 1.3665
32 0.03 0.7804
32 0.10 0.4090
32 0.30 0.2392
32 1.00 0.1304
32 3.00 0.0699
32 6.00 0.0004
32 12.00 0.0004
32 24.00 0.0004
32 48.00 0.0004
33 0.01 1.3590
33 0.03 0.7713
33 0.10 0.4152
33 0.30 0.2439
33 1.00 0.1306
33 3.00 0.0684
33 6.00 0.0004
33 12.00 0.0004
33 24.00 0.0010
33 48.00 0.0004
34 0.01 1.3949
34 0.03 0.7709
34 0.10 0.4173
34 0.30 0.2427
34 1.00 0.1320
34 3.00 0.0699
34 6.00 0.0003
34 12.00 0.0004
34 24.00 0.0004
34 48.00 0.0004
35 0.01 1.3607
35 0.03 0.7839
35 0.10 0.4286
35 0.30 0.2404
35 1.00 0.1312
35 3.00 0.0703
35 6.00 0.0004
35 12.00 0.0004
35 24.00 0.0005
35 48.00 0.0004
36 0.01 1.4087
36 0.03 0.7822
36 0.10 0.4217
36 0.30 0.2553
36 1.00 0.1330
36 3.00 0.0713
36 6.00 0.0004
36 12.00 0.0004
36 24.00 0.0004
36 48.00 0.0004
37 0.01 1.3893
37 0.03 0.7963
37 0.10 0.4243
37 0.30 0.2510
37 1.00 0.1401
37 3.00 0.0745
37 6.00 0.0004
37 12.00 0.0004
37 24.00 0.0004
37 48.00 0.0004
38 0.01 1.3730
38 0.03 0.7922
38 0.10 0.4283
38 0.30 0.2496
38 1.00 0.1373
38 3.00 0.0736
38 6.00 0.0004
38 12.00 0.0004
38 24.00 0.0004
38 48.00 0.0004
39 0.01 1.3873
39 0.03 0.7939
39 0.10 0.4372
39 0.30 0.2498
39 1.00 0.1366
39 3.00 0.0727
39 6.00 0.0004
39 12.00 0.0011
39 24.00 0.0004
39 48.00 0.0004
40 0.01 1.4282
40 0.03 0.7996
40 0.10 0.4373
40 0.30 0.2496
40 1.00 0.1376
40 3.00 0.0739
40 6.00 0.0004
40 12.00 0.0006
40 24.00 0.0009
40 48.00 0.0004
41 0.01 1.4325
41 0.03 0.8210
41 0.10 0.4382
41 0.30 0.2527
41 1.00 0.1400
41 3.00 0.0753
41 6.00 0.0004
41 12.00 0.0004
41 24.00 0.0004
41 48.00 0.0004
42 0.01 1.4322
42 0.03 0.8194
42 0.10 0.4382
42 0.30 0.2590
42 1.00 0.1396
42 3.00 0.0760
42 6.00 0.0004
42 12.00 0.0004
42 24.00 0.0004
42 48.00 0.0004
43 0.01 1.4606
43 0.03 0.8358
43 0.10 0.4483
43 0.30 0.2597
43 1.00 0.1397
43 3.00 0.0762
43 6.00 0.0007
43 12.00 0.0004
43 24.00 0.0004
43 48.00 0.0004
44 0.01 1.4684
44 0.03 0.8251
44 0.10 0.4549
44 0.30 0.2703
44 1.00 0.1398
44 3.00 0.0810
44 6.00 0.0005
44 12.00 0.0004
44 24.00 0.0004
44 48.00 0.0004
45 0.01 1.4614
45 0.03 0.8340
45 0.10 0.4548
45 0.30 0.2616
45 1.00 0.1421
45 3.00 0.0788
45 6.00 0.0004
45 12.00 0.0004
45 24.00 0.0004
45 48.00 0.0007
46 0.01 1.4850
46 0.03 0.8465
46 0.10 0.4553
46 0.30 0.2622
46 1.00 0.1440
46 3.00 0.0779
46 6.00 0.0005
46 12.00 0.0004
46 24.00 0.0004
46 48.00 0.0007
47 0.01 1.5001
47 0.03 0.8598
47 0.10 0.4797
47 0.30 0.3046
47 1.00 0.1455
47 3.00 0.0798
47 6.00 0.0004
47 12.00 0.0004
47 24.00 0.0006
47 48.00 0.0004
48 0.01 1.4980
48 0.03 0.8574
48 0.10 0.4675
48 0.30 0.2674
48 1.00 0.1467
48 3.00 0.0791
48 6.00 0.0005
48 12.00 0.0005
48 24.00 0.0007
48 48.00 0.0004
49 0.01 1.5226
49 0.03 0.8711
49 0.10 0.4712
49 0.30 0.2702
49 1.00 0.1489
49 3.00 0.0825
49 6.00 0.0005
49 12.00 0.0004
49 24.00 0.0004
49 48.00 0.0004
50 0.01 1.5957
50 0.03 0.8844
50 0.10 0.4780
50 0.30 0.2762
50 1.00 0.1511
50 3.00 0.0818
50 6.00 0.0005
50 12.00 0.0004
50 24.00 0.0004
50 48.00 0.0004
51 0.01 1.5744
51 0.03 0.8939
51 0.10 0.4772
51 0.30 0.2771
51 1.00 0.1507
51 3.00 0.0840
51 6.00 0.0011
51 12.00 0.0005
51 24.00 0.0004
51 48.00 0.0005
52 0.01 1.5969
52 0.03 0.9173
52 0.10 0.4897
52 0.30 0.2800
52 1.00 0.1518
52 3.00 0.0829
52 6.00 0.0005
52 12.00 0.0005
52 24.00 0.0007
52 48.00 0.0004
53 0.01 1.5696
53 0.03 0.9174
53 0.10 0.4885
53 0.30 0.2800
53 1.00 0.1525
53 3.00 0.0827
53 6.00 0.0005
53 12.00 0.0005
53 24.00 0.0005
53 48.00 0.0005
54 0.01 1.6049
54 0.03 0.9075
54 0.10 0.4957
54 0.30 0.2820
54 1.00 0.1549
54 3.00 0.0005
54 6.00 0.0005
54 12.00 0.0005
54 24.00 0.0005
54 48.00 0.0005
55 0.01 1.6199
55 0.03 0.9179
55 0.10 0.5207
55 0.30 0.2897
55 1.00 0.1568
55 3.00 0.0005
55 6.00 0.0005
55 12.00 0.0005
55 24.00 0.0005
55 48.00 0.0005
56 0.01 1.6419
56 0.03 0.9263
56 0.10 0.5014
56 0.30 0.2888
56 1.00 0.1564
56 3.00 0.0005
56 6.00 0.0005
56 12.00 0.0005
56 24.00 0.0005
56 48.00 0.0005
57 0.01 1.6519
57 0.03 0.9275
57 0.10 0.5057
57 0.30 0.2904
57 1.00 0.1591
57 3.00 0.0005
57 6.00 0.0005
57 12.00 0.0005
57 24.00 0.0005
57 48.00 0.0005
58 0.01 1.6483
58 0.03 0.9469
58 0.10 0.5153
58 0.30 0.2981
58 1.00 0.1608
58 3.00 0.0005
58 6.00 0.0005
58 12.00 0.0005
58 24.00 0.0005
58 48.00 0.0005
59 0.01 1.7011
59 0.03 0.9592
59 0.10 0.5201
59 0.30 0.2983
59 1.00 0.1609
59 3.00 0.0007
59 6.00 0.0005
59 12.00 0.0005
59 24.00 0.0005
59 48.00 0.0005
60 0.01 1.6815
60 0.03 0.9695
60 0.10 0.5258
60 0.30 0.2981
60 1.00 0.1606
60 3.00 0.0005
60 6.00 0.0005
60 12.00 0.0005
60 24.00 0.0005
60 48.00 0.0005
