1 0.01 50.0000
1 0.03 75.0000
1 0.10 25.0000
1 0.30 50.0000
1 1.00 75.0000
1 3.00 25.0000
1 6.00 50.0000
1 12.00 50.0000
1 24.00 50.0000
1 48.00 50.0000
2 0.01 100.0000
2 0.03 100.0000
2 0.10 100.0000
2 0.30 100.0000
2 1.00 100.0000
2 3.00 100.0000
2 6.00 100.0000
2 12.00 100.0000
2 24.00 100.0000
2 48.00 100.0000
3 0.01 100.0000
3 0.03 100.0000
3 0.10 100.0000
3 0.30 100.0000
3 1.00 100.0000
3 3.00 100.0000
3 6.00 100.0000
3 12.00 100.0000
3 24.00 100.0000
3 48.00 50.0000
4 0.01 100.0000
4 0.03 100.0000
4 0.10 100.0000
4 0.30 100.0000
4 1.00 100.0000
4 3.00 100.0000
4 6.00 100.0000
4 12.00 100.0000
4 24.00 100.0000
4 48.00 50.0000
5 0.01 100.0000
5 0.03 100.0000
5 0.10 100.0000
5 0.30 100.0000
5 1.00 100.0000
5 3.00 100.0000
5 6.00 100.0000
5 12.00 100.0000
5 24.00 100.0000
5 48.00 50.0000
6 0.01 100.0000
6 0.03 100.0000
6 0.10 100.0000
6 0.30 100.0000
6 1.00 100.0000
6 3.00 100.0000
6 6.00 100.0000
6 12.00 100.0000
6 24.00 100.0000
6 48.00 50.0000
7 0.01 100.0000
7 0.03 100.0000
7 0.10 100.0000
7 0.30 100.0000
7 1.00 100.0000
7 3.00 100.0000
7 6.00 100.0000
7 12.00 100.0000
7 24.00 50.0000
7 48.00 50.0000
8 0.01 100.0000
8 0.03 100.0000
8 0.10 100.0000
8 0.30 100.0000
8 1.00 100.0000
8 3.00 100.0000
8 6.00 100.0000
8 12.00 100.0000
8 24.00 50.0000
8 48.00 50.0000
9 0.01 100.0000
9 0.03 100.0000
9 0.10 100.0000
9 0.30 100.0000
9 1.00 100.0000
9 3.00 100.0000
9 6.00 100.0000
9 12.00 100.0000
9 24.00 100.0000
9 48.00 50.0000
10 0.01 100.0000
10 0.03 100.0000
10 0.10 100.0000
10 0.30 100.0000
10 1.00 100.0000
10 3.00 100.0000
10 6.00 100.0000
10 12.00 100.0000
10 24.00 50.0000
10 48.00 50.0000
11 0.01 100.0000
11 0.03 100.0000
11 0.10 100.0000
11 0.30 100.0000
11 1.00 100.0000
11 3.00 100.0000
11 6.00 100.0000
11 12.00 100.0000
11 24.00 50.0000
11 48.00 50.0000
12 0.01 100.0000
12 0.03 100.0000
12 0.10 100.0000
12 0.30 100.0000
12 1.00 100.0000
12 3.00 100.0000
12 6.00 100.0000
12 12.00 100.0000
12 24.00 50.0000
12 48.00 50.0000
13 0.01 100.0000
13 0.03 100.0000
13 0.10 100.0000
13 0.30 100.0000
13 1.00 100.0000
13 3.00 100.0000
13 6.00 100.0000
13 12.00 50.0000
13 24.00 50.0000
13 48.00 50.0000
14 0.01 100.0000
14 0.03 100.0000
14 0.10 100.0000
14 0.30 100.0000
14 1.00 100.0000
14 3.00 100.0000
14 6.00 100.0000
14 12.00 50.0000
14 24.00 50.0000
14 48.00 50.0000
15 0.01 100.0000
15 0.03 100.0000
15 0.10 100.0000
15 0.30 100.0000
15 1.00 100.0000
15 3.00 100.0000
15 6.00 100.0000
15 12.00 50.0000
15 24.00 50.0000
15 48.00 50.0000
16 0.01 100.0000
16 0.03 100.0000
16 0.10 100.0000
16 0.30 100.0000
16 1.00 100.0000
16 3.00 100.0000
16 6.00 100.0000
16 12.00 50.0000
16 24.00 50.0000
16 48.00 50.0000
17 0.01 100.0000
17 0.03 100.0000
17 0.10 100.0000
17 0.30 100.0000
17 1.00 100.0000
17 3.00 100.0000
17 6.00 100.0000
17 12.00 50.0000
17 24.00 50.0000
17 48.00 50.0000
18 0.01 100.0000
18 0.03 100.0000
18 0.10 100.0000
18 0.30 100.0000
18 1.00 100.0000
18 3.00 100.0000
18 6.00 100.0000
18 12.00 50.0000
18 24.00 50.0000
18 48.00 50.0000
19 0.01 100.0000
19 0.03 100.0000
19 0.10 100.0000
19 0.30 100.0000
19 1.00 100.0000
19 3.00 100.0000
19 6.00 100.0000
19 12.00 50.0000
19 24.00 50.0000
19 48.00 50.0000
20 0.01 100.0000
20 0.03 100.0000
20 0.10 100.0000
20 0.30 100.0000
20 1.00 100.0000
20 3.00 100.0000
20 6.00 100.0000
20 12.00 50.0000
20 24.00 50.0000
20 48.00 50.0000
21 0.01 100.0000
21 0.03 100.0000
21 0.10 100.0000
21 0.30 100.0000
21 1.00 100.0000
21 3.00 100.0000
21 6.00 100.0000
21 12.00 50.0000
21 24.00 50.0000
21 48.00 50.0000
22 0.01 100.0000
22 0.03 100.0000
22 0.10 100.0000
22 0.30 100.0000
22 1.00 100.0000
22 3.00 100.0000
22 6.00 100.0000
22 12.00 50.0000
22 24.00 50.0000
22 48.00 50.0000
23 0.01 100.0000
23 0.03 100.0000
23 0.10 100.0000
23 0.30 100.0000
23 1.00 100.0000
23 3.00 100.0000
23 6.00 100.0000
23 12.00 50.0000
23 24.00 50.0000
23 48.00 50.0000
24 0.01 100.0000
24 0.03 100.0000
24 0.10 100.0000
24 0.30 100.0000
24 1.00 100.0000
24 3.00 100.0000
24 6.00 100.0000
24 12.00 50.0000
24 24.00 50.0000
24 48.00 50.0000
25 0.01 100.0000
25 0.03 100.0000
25 0.10 100.0000
25 0.30 100.0000
25 1.00 100.0000
25 3.00 100.0000
25 6.00 100.0000
25 12.00 50.0000
25 24.00 50.0000
25 48.00 50.0000
26 0.01 100.0000
26 0.03 100.0000
26 0.10 100.0000
26 0.30 100.0000
26 1.00 100.0000
26 3.00 100.0000
26 6.00 100.0000
26 12.00 50.0000
26 24.00 50.0000
26 48.00 50.0000
27 0.01 100.0000
27 0.03 100.0000
27 0.10 100.0000
27 0.30 100.0000
27 1.00 100.0000
27 3.00 100.0000
27 6.00 50.0000
27 12.00 50.0000
27 24.00 50.0000
27 48.00 50.0000
28 0.01 100.0000
28 0.03 100.0000
28 0.10 100.0000
28 0.30 100.0000
28 1.00 100.0000
28 3.00 100.0000
28 6.00 50.0000
28 12.00 50.0000
28 24.00 50.0000
28 48.00 50.0000
29 0.01 100.0000
29 0.03 100.0000
29 0.10 100.0000
29 0.30 100.0000
29 1.00 100.0000
29 3.00 100.0000
29 6.00 50.0000
29 12.00 50.0000
29 24.00 50.0000
29 48.00 50.0000
30 0.01 100.0000
30 0.03 100.0000
30 0.10 100.0000
30 0.30 100.0000
30 1.00 100.0000
30 3.00 100.0000
30 6.00 50.0000
30 12.00 50.0000
30 24.00 50.0000
30 48.00 50.0000
31 0.01 100.0000
31 0.03 100.0000
31 0.10 100.0000
31 0.30 100.0000
31 1.00 100.0000
31 3.00 100.0000
31 6.00 50.0000
31 12.00 50.0000
31 24.00 50.0000
31 48.00 50.0000
32 0.01 100.0000
32 0.03 100.0000
32 0.10 100.0000
32 0.30 100.0000
32 1.00 100.0000
32 3.00 100.0000
32 6.00 50.0000
32 12.00 50.0000
32 24.00 50.0000
32 48.00 50.0000
33 0.01 100.0000
33 0.03 100.0000
33 0.10 100.0000
33 0.30 100.0000
33 1.00 100.0000
33 3.00 100.0000
33 6.00 50.0000
33 12.00 50.0000
33 24.00 50.0000
33 48.00 50.0000
34 0.01 100.0000
34 0.03 100.0000
34 0.10 100.0000
34 0.30 100.0000
34 1.00 100.0000
34 3.00 100.0000
34 6.00 50.0000
34 12.00 50.0000
34 24.00 50.0000
34 48.00 50.0000
35 0.01 100.0000
35 0.03 100.0000
35 0.10 100.0000
35 0.30 100.0000
35 1.00 100.0000
35 3.00 100.0000
35 6.00 50.0000
35 12.00 50.0000
35 24.00 50.0000
35 48.00 50.0000
36 0.01 100.0000
36 0.03 100.0000
36 0.10 100.0000
36 0.30 100.0000
36 1.00 100.0000
36 3.00 100.0000
36 6.00 50.0000
36 12.00 50.0000
36 24.00 50.0000
36 48.00 50.0000
37 0.01 100.0000
37 0.03 100.0000
37 0.10 100.0000
37 0.30 100.0000
37 1.00 100.0000
37 3.00 100.0000
37 6.00 50.0000
37 12.00 50.0000
37 24.00 50.0000
37 48.00 50.0000
38 0.01 100.0000
38 0.03 100.0000
38 0.10 100.0000
38 0.30 100.0000
38 1.00 100.0000
38 3.00 100.0000
38 6.00 50.0000
38 12.00 50.0000
38 24.00 50.0000
38 48.00 50.0000
39 0.01 100.0000
39 0.03 100.0000
39 0.10 100.0000
39 0.30 100.0000
39 1.00 100.0000
39 3.00 100.0000
39 6.00 50.0000
39 12.00 50.0000
39 24.00 50.0000
39 48.00 50.0000
40 0.01 100.0000
40 0.03 100.0000
40 0.10 100.0000
40 0.30 100.0000
40 1.00 100.0000
40 3.00 100.0000
40 6.00 50.0000
40 12.00 50.0000
40 24.00 50.0000
40 48.00 50.0000
41 0.01 100.0000
41 0.03 100.0000
41 0.10 100.0000
41 0.30 100.0000
41 1.00 100.0000
41 3.00 100.0000
41 6.00 50.0000
41 12.00 50.0000
41 24.00 50.0000
41 48.00 50.0000
42 0.01 100.0000
42 0.03 100.0000
42 0.10 100.0000
42 0.30 100.0000
42 1.00 100.0000
42 3.00 100.0000
42 6.00 50.0000
42 12.00 50.0000
42 24.00 50.0000
42 48.00 50.0000
43 0.01 100.0000
43 0.03 100.0000
43 0.10 100.0000
43 0.30 100.0000
43 1.00 100.0000
43 3.00 100.0000
43 6.00 50.0000
43 12.00 50.0000
43 24.00 50.0000
43 48.00 50.0000
44 0.01 100.0000
44 0.03 100.0000
44 0.10 100.0000
44 0.30 100.0000
44 1.00 100.0000
44 3.00 100.0000
44 6.00 50.0000
44 12.00 50.0000
44 24.00 50.0000
44 48.00 50.0000
45 0.01 100.0000
45 0.03 100.0000
45 0.10 100.0000
45 0.30 100.0000
45 1.00 100.0000
45 3.00 100.0000
45 6.00 50.0000
45 12.00 50.0000
45 24.00 50.0000
45 48.00 50.0000
46 0.01 100.0000
46 0.03 100.0000
46 0.10 100.0000
46 0.30 100.0000
46 1.00 100.0000
46 3.00 100.0000
46 6.00 50.0000
46 12.00 50.0000
46 24.00 50.0000
46 48.00 50.0000
47 0.01 100.0000
47 0.03 100.0000
47 0.10 100.0000
47 0.30 100.0000
47 1.00 100.0000
47 3.00 100.0000
47 6.00 50.0000
47 12.00 50.0000
47 24.00 50.0000
47 48.00 50.0000
48 0.01 100.0000
48 0.03 100.0000
48 0.10 100.0000
48 0.30 100.0000
48 1.00 100.0000
48 3.00 100.0000
48 6.00 50.0000
48 12.00 50.0000
48 24.00 50.0000
48 48.00 50.0000
49 0.01 100.0000
49 0.03 100.0000
49 0.10 100.0000
49 0.30 100.0000
49 1.00 100.0000
49 3.00 100.0000
49 6.00 50.0000
49 12.00 50.0000
49 24.00 50.0000
49 48.00 50.0000
50 0.01 100.0000
50 0.03 100.0000
50 0.10 100.0000
50 0.30 100.0000
50 1.00 100.0000
50 3.00 100.0000
50 6.00 50.0000
50 12.00 50.0000
50 24.00 50.0000
50 48.00 50.0000
51 0.01 100.0000
51 0.03 100.0000
51 0.10 100.0000
51 0.30 100.0000
51 1.00 100.0000
51 3.00 100.0000
51 6.00 50.0000
51 12.00 50.0000
51 24.00 50.0000
51 48.00 50.0000
52 0.01 100.0000
52 0.03 100.0000
52 0.10 100.0000
52 0.30 100.0000
52 1.00 100.0000
52 3.00 100.0000
52 6.00 50.0000
52 12.00 50.0000
52 24.00 50.0000
52 48.00 50.0000
53 0.01 100.0000
53 0.03 100.0000
53 0.10 100.0000
53 0.30 100.0000
53 1.00 100.0000
53 3.00 100.0000
53 6.00 50.0000
53 12.00 50.0000
53 24.00 50.0000
53 48.00 50.0000
54 0.01 100.0000
54 0.03 100.0000
54 0.10 100.0000
54 0.30 100.0000
54 1.00 100.0000
54 3.00 75.0000
54 6.00 50.0000
54 12.00 50.0000
54 24.00 50.0000
54 48.00 50.0000
55 0.01 100.0000
55 0.03 100.0000
55 0.10 100.0000
55 0.30 100.0000
55 1.00 100.0000
55 3.00 75.0000
55 6.00 50.0000
55 12.00 50.0000
55 24.00 50.0000
55 48.00 50.0000
56 0.01 100.0000
56 0.03 100.0000
56 0.10 100.0000
56 0.30 100.0000
56 1.00 100.0000
56 3.00 75.0000
56 6.00 50.0000
56 12.00 50.0000
56 24.00 50.0000
56 48.00 50.0000
57 0.01 100.0000
57 0.03 100.0000
57 0.10 100.0000
57 0.30 100.0000
57 1.00 100.0000
57 3.00 75.0000
57 6.00 50.0000
57 12.00 50.0000
57 24.00 50.0000
57 48.00 50.0000
58 0.01 100.0000
58 0.03 100.0000
58 0.10 100.0000
58 0.30 100.0000
58 1.00 100.0000
58 3.00 75.0000
58 6.00 50.0000
58 12.00 50.0000
58 24.00 50.0000
58 48.00 50.0000
59 0.01 100.0000
59 0.03 100.0000
59 0.10 100.0000
59 0.30 100.0000
59 1.00 100.0000
59 3.00 75.0000
59 6.00 50.0000
59 12.00 50.0000
59 24.00 50.0000
59 48.00 50.0000
60 0.01 100.0000
60 0.03 100.0000
60 0.10 100.0000
60 0.30 100.0000
60 1.00 100.0000
60 3.00 75.0000
60 6.00 50.0000
60 12.00 50.0000
60 24.00 50.0000
60 48.00 50.0000
